ts_code,trade_date,open,high,low,close,pre_close,change,pct_chg,vol,amount
002362.SZ,20250627,22.33,22.42,22.05,22.22,22.14,0.08,0.3613,38872.04,86529.887
002362.SZ,20250626,22.14,22.42,22.1,22.14,22.19,-0.05,-0.2253,45559.0,101405.895
002362.SZ,20250625,22.09,22.22,21.86,22.19,22.04,0.15,0.6806,55568.0,122638.976
002362.SZ,20250624,21.33,22.05,21.33,22.04,21.52,0.52,2.4164,59337.95,129405.511
002362.SZ,20250623,20.69,21.76,20.4,21.52,20.74,0.78,3.7608,65327.0,139487.856
002362.SZ,20250620,21.25,21.28,20.57,20.74,21.17,-0.43,-2.0312,39433.02,82221.714
002362.SZ,20250619,21.6,21.74,21.15,21.17,21.6,-0.43,-1.9907,36629.0,78395.535
002362.SZ,20250618,21.71,21.89,21.4,21.6,21.8,-0.2,-0.9174,39715.0,85633.929
002362.SZ,20250617,21.99,22.06,21.68,21.8,21.92,-0.12,-0.5474,32661.85,71271.212
002362.SZ,20250616,21.52,21.97,21.42,21.92,21.63,0.29,1.3407,36879.91,80556.446
002362.SZ,20250613,22.35,22.48,21.62,21.63,22.49,-0.86,-3.8239,61229.0,134312.806
002362.SZ,20250612,22.23,22.67,22.23,22.49,22.41,0.08,0.357,39079.01,87939.988
002362.SZ,20250611,22.48,22.71,22.33,22.41,22.42,-0.01,-0.0446,42151.74,94828.62
002362.SZ,20250610,22.84,22.9,22.05,22.42,22.75,-0.33,-1.4505,64891.0,146063.406
002362.SZ,20250609,22.7,22.81,22.41,22.75,22.52,0.23,1.0213,64173.65,145525.53
002362.SZ,20250606,22.4,22.79,22.3,22.52,22.47,0.05,0.2225,84816.01,191133.767
002362.SZ,20250605,21.5,23.26,21.44,22.47,21.47,1.0,4.6577,142819.61,319680.547
002362.SZ,20250604,21.42,21.56,21.29,21.47,21.41,0.06,0.2802,28068.0,60220.862
002362.SZ,20250603,21.2,21.75,21.2,21.41,21.45,-0.04,-0.1865,33801.0,72725.838
002362.SZ,20250530,21.91,21.92,21.4,21.45,22.03,-0.58,-2.6328,40752.99,88025.92
002362.SZ,20250529,21.29,22.04,21.19,22.03,21.32,0.71,3.3302,63331.58,138117.741
002362.SZ,20250528,21.59,21.76,21.18,21.32,21.59,-0.27,-1.2506,36819.0,78706.929
002362.SZ,20250527,21.71,21.87,21.45,21.59,21.92,-0.33,-1.5055,57501.0,124396.517
002362.SZ,20250526,21.85,22.6,21.6,21.92,21.21,0.71,3.3475,89301.49,195524.655
002362.SZ,20250523,21.65,21.84,21.21,21.21,21.75,-0.54,-2.4828,45319.32,97447.893
002362.SZ,20250522,21.75,22.1,21.5,21.75,21.7,0.05,0.2304,56379.13,123161.296
002362.SZ,20250521,22.11,22.11,21.6,21.7,22.12,-0.42,-1.8987,31250.02,68046.418
002362.SZ,20250520,21.75,22.17,21.57,22.12,21.81,0.31,1.4214,38034.0,83273.049
002362.SZ,20250519,21.78,21.84,21.36,21.81,21.67,0.14,0.6461,42062.0,91045.906
002362.SZ,20250516,21.7,21.95,21.5,21.67,21.8,-0.13,-0.5963,50771.0,110414.696
002362.SZ,20250515,22.2,22.88,21.79,21.8,22.24,-0.44,-1.9784,62850.01,139118.271
002362.SZ,20250514,21.92,22.34,21.65,22.24,21.91,0.33,1.5062,78361.73,173070.52
002362.SZ,20250513,22.23,22.9,21.83,21.91,21.88,0.03,0.1371,96983.0,216699.921
002362.SZ,20250512,21.9,22.02,21.73,21.88,21.61,0.27,1.2494,35886.61,78366.575
002362.SZ,20250509,21.9,22.03,21.6,21.61,22.09,-0.48,-2.1729,49554.0,107952.357
002362.SZ,20250508,21.5,22.36,21.48,22.09,21.55,0.54,2.5058,74461.0,163726.499
002362.SZ,20250507,21.91,21.99,21.4,21.55,21.69,-0.14,-0.6455,70359.1,152183.344
002362.SZ,20250506,20.98,21.75,20.84,21.69,20.55,1.14,5.5474,84311.77,180480.176
002362.SZ,20250430,20.14,20.83,20.06,20.55,20.1,0.45,2.2388,54973.76,113040.375
002362.SZ,20250429,19.55,20.15,19.5,20.1,19.71,0.39,1.9787,49541.21,99093.144
002362.SZ,20250428,19.9,20.1,19.68,19.71,19.88,-0.17,-0.8551,36514.33,72378.267
002362.SZ,20250425,19.81,20.15,19.73,19.88,19.76,0.12,0.6073,35269.0,70375.206
002362.SZ,20250424,20.08,20.18,19.62,19.76,20.19,-0.43,-2.1298,46015.0,91417.321
002362.SZ,20250423,20.03,20.45,19.9,20.19,19.79,0.4,2.0212,64371.0,129833.415
002362.SZ,20250422,19.91,20.04,19.72,19.79,19.89,-0.1,-0.5028,40391.0,80262.683
002362.SZ,20250421,19.46,19.91,19.29,19.89,19.47,0.42,2.1572,38789.0,76530.004
002362.SZ,20250418,19.51,19.67,19.35,19.47,19.51,-0.04,-0.205,29893.0,58226.035
002362.SZ,20250417,19.2,19.98,19.14,19.51,19.25,0.26,1.3506,61655.0,120998.31
002362.SZ,20250416,19.6,19.78,18.94,19.25,19.78,-0.53,-2.6795,53003.0,102491.037
002362.SZ,20250415,19.6,19.95,19.53,19.78,19.69,0.09,0.4571,50468.12,99529.898
002362.SZ,20250414,19.66,19.89,19.56,19.69,19.28,0.41,2.1266,69264.0,136706.499
002362.SZ,20250411,18.9,19.53,18.83,19.28,19.11,0.17,0.8896,68086.98,131232.931
002362.SZ,20250410,19.05,19.53,19.02,19.11,18.71,0.4,2.1379,92672.98,178663.42
002362.SZ,20250409,17.26,18.75,16.5,18.71,18.12,0.59,3.2561,120180.01,214563.621
002362.SZ,20250408,18.5,19.25,17.68,18.12,19.64,-1.52,-7.7393,150845.15,273610.318
002362.SZ,20250407,20.1,20.6,19.64,19.64,21.82,-2.18,-9.9908,33595.0,66648.972
002362.SZ,20250403,21.96,22.27,21.66,21.82,22.24,-0.42,-1.8885,36666.0,80461.292
002362.SZ,20250402,22.26,22.54,22.13,22.24,22.25,-0.01,-0.0449,32475.0,72488.087
002362.SZ,20250401,22.33,22.55,22.21,22.25,22.31,-0.06,-0.2689,49850.01,111566.376
002362.SZ,20250331,22.09,22.5,21.53,22.31,22.28,0.03,0.1346,65083.2,142808.36
002362.SZ,20250328,22.32,22.65,22.22,22.28,22.47,-0.19,-0.8456,38723.01,86747.214
002362.SZ,20250327,22.48,22.63,22.11,22.47,22.55,-0.08,-0.3548,41372.0,92919.851
002362.SZ,20250326,22.4,22.74,22.4,22.55,22.5,0.05,0.2222,39860.03,90014.415
002362.SZ,20250325,22.8,23.06,22.35,22.5,23.0,-0.5,-2.1739,62664.02,142009.799
002362.SZ,20250324,23.38,23.68,22.42,23.0,23.38,-0.38,-1.6253,104899.22,241286.673
002362.SZ,20250321,23.96,23.97,23.3,23.38,24.05,-0.67,-2.7859,69525.36,163829.519
002362.SZ,20250320,24.2,24.43,24.03,24.05,24.31,-0.26,-1.0695,49559.74,119938.126
002362.SZ,20250319,24.58,24.6,24.16,24.31,24.7,-0.39,-1.5789,63790.0,155379.772
002362.SZ,20250318,24.58,24.87,24.45,24.7,24.58,0.12,0.4882,62435.0,153962.536
002362.SZ,20250317,24.71,24.87,24.32,24.58,24.7,-0.12,-0.4858,52231.0,128412.317
002362.SZ,20250314,24.55,24.79,24.15,24.7,24.48,0.22,0.8987,69409.1,170653.483
002362.SZ,20250313,25.26,25.26,24.08,24.48,25.17,-0.69,-2.7414,97860.0,239566.911
002362.SZ,20250312,25.49,25.61,25.15,25.17,25.24,-0.07,-0.2773,79332.0,201506.292
002362.SZ,20250311,25.17,25.53,24.96,25.24,25.47,-0.23,-0.903,81820.02,205957.963
002362.SZ,20250310,25.53,25.98,25.07,25.47,25.77,-0.3,-1.1641,105108.0,266892.766
002362.SZ,20250307,26.3,26.63,25.53,25.77,26.0,-0.23,-0.8846,173707.0,454974.991
002362.SZ,20250306,25.5,26.45,25.16,26.0,25.0,1.0,4.0,190847.9,491647.288
002362.SZ,20250305,24.51,25.45,24.35,25.0,24.55,0.45,1.833,127870.1,317249.054
002362.SZ,20250304,23.44,24.8,23.4,24.55,23.86,0.69,2.8919,102151.2,247450.404
002362.SZ,20250303,23.75,24.44,23.36,23.86,23.7,0.16,0.6751,101947.0,244583.158
002362.SZ,20250228,25.43,25.58,23.5,23.7,25.68,-1.98,-7.7103,163322.0,398859.058
002362.SZ,20250227,26.39,26.68,25.25,25.68,26.39,-0.71,-2.6904,143861.0,372211.208
002362.SZ,20250226,26.55,26.7,26.12,26.39,26.41,-0.02,-0.0757,125176.01,329416.802
002362.SZ,20250225,26.33,26.8,26.07,26.41,26.87,-0.46,-1.7119,124360.01,329015.745
002362.SZ,20250224,27.34,27.34,26.51,26.87,27.09,-0.22,-0.8121,167423.0,449711.52
002362.SZ,20250221,27.0,27.2,26.5,27.09,26.96,0.13,0.4822,211721.85,570774.464
002362.SZ,20250220,26.69,27.36,26.59,26.96,26.87,0.09,0.3349,200740.02,542467.492
002362.SZ,20250219,25.99,26.87,25.98,26.87,25.83,1.04,4.0263,164868.05,437325.282
002362.SZ,20250218,26.8,27.46,25.7,25.83,27.07,-1.24,-4.5807,194089.16,515638.389
002362.SZ,20250217,26.66,27.68,26.59,27.07,26.45,0.62,2.344,312122.43,848888.266
002362.SZ,20250214,26.44,26.69,25.81,26.45,26.44,0.01,0.0378,149348.01,392403.964
002362.SZ,20250213,26.8,26.86,26.05,26.44,26.85,-0.41,-1.527,178805.06,472798.685
002362.SZ,20250212,26.25,27.22,26.1,26.85,26.28,0.57,2.1689,208998.14,558255.137
002362.SZ,20250211,27.28,27.9,26.28,26.28,27.37,-1.09,-3.9825,267291.11,721682.181
002362.SZ,20250210,26.94,27.99,26.48,27.37,26.94,0.43,1.5961,328577.93,890433.613
002362.SZ,20250207,26.05,27.2,25.68,26.94,26.18,0.76,2.903,369076.41,981745.382
002362.SZ,20250206,25.66,26.34,25.15,26.18,25.88,0.3,1.1592,335381.8,866854.571
002362.SZ,20250205,26.24,26.78,25.53,25.88,24.9,0.98,3.9357,344143.39,896076.464
002362.SZ,20250127,26.49,26.49,24.85,24.9,24.81,0.09,0.3628,359514.0,916145.372
002362.SZ,20250124,22.88,24.81,22.73,24.81,22.55,2.26,10.0222,298270.38,716993.826
002362.SZ,20250123,22.84,23.38,22.52,22.55,22.5,0.05,0.2222,110388.3,253505.777
002362.SZ,20250122,22.72,22.9,22.38,22.5,23.01,-0.51,-2.2164,70119.0,158896.957
002362.SZ,20250121,23.09,23.21,22.59,23.01,22.89,0.12,0.5242,89030.0,203855.052
002362.SZ,20250120,23.45,23.45,22.83,22.89,23.11,-0.22,-0.952,95107.0,219365.856
002362.SZ,20250117,23.0,23.51,22.88,23.11,23.26,-0.15,-0.6449,99287.66,229725.205
002362.SZ,20250116,23.49,24.0,22.93,23.26,23.5,-0.24,-1.0213,149892.02,351623.478
002362.SZ,20250115,23.35,23.84,23.25,23.5,23.36,0.14,0.5993,155092.0,364998.684
002362.SZ,20250114,22.14,23.4,21.99,23.36,21.98,1.38,6.2784,173604.96,397490.757
002362.SZ,20250113,21.73,22.51,21.34,21.98,22.03,-0.05,-0.227,100359.81,220900.705
002362.SZ,20250110,22.78,23.24,22.01,22.03,22.8,-0.77,-3.3772,133016.0,301130.331
002362.SZ,20250109,22.32,23.08,22.32,22.8,22.6,0.2,0.885,135885.98,309635.664
002362.SZ,20250108,22.2,22.85,21.58,22.6,22.2,0.4,1.8018,214418.92,477529.745
002362.SZ,20250107,20.54,22.4,20.54,22.2,20.38,1.82,8.9303,221724.71,477524.421
002362.SZ,20250106,20.8,21.06,20.21,20.38,20.71,-0.33,-1.5934,112561.36,232472.997
002362.SZ,20250103,22.22,22.45,20.69,20.71,22.22,-1.51,-6.7957,156445.01,332881.899
002362.SZ,20250102,22.65,22.99,21.95,22.22,22.66,-0.44,-1.9417,146815.01,329740.568
002362.SZ,20241231,23.77,23.87,22.55,22.66,23.77,-1.11,-4.6698,193696.01,447329.366
002362.SZ,20241230,25.55,25.57,23.58,23.77,25.55,-1.78,-6.9667,235249.31,569421.244
002362.SZ,20241227,26.25,26.38,25.48,25.55,26.65,-1.1,-4.1276,195555.46,506985.16
002362.SZ,20241226,25.31,26.99,25.2,26.65,25.55,1.1,4.3053,225906.89,592975.781
002362.SZ,20241225,25.2,25.64,24.79,25.55,25.01,0.54,2.1591,163950.87,414761.079
002362.SZ,20241224,25.2,25.98,24.66,25.01,25.37,-0.36,-1.419,187923.52,473620.904
002362.SZ,20241223,27.38,27.5,25.36,25.37,28.18,-2.81,-9.9716,306656.36,813347.96
002362.SZ,20241220,26.47,29.11,26.1,28.18,26.46,1.72,6.5004,492363.68,1357670.007
002362.SZ,20241219,25.3,26.59,25.21,26.46,26.0,0.46,1.7692,291683.6,759877.13
002362.SZ,20241218,25.06,26.58,24.47,26.0,25.0,1.0,4.0,294243.0,753340.573
002362.SZ,20241217,26.18,26.4,24.93,25.0,26.37,-1.37,-5.1953,255630.59,653178.438
002362.SZ,20241216,27.09,27.5,26.08,26.37,27.65,-1.28,-4.6293,332150.54,885211.783
002362.SZ,20241213,27.25,28.95,27.25,27.65,27.73,-0.08,-0.2885,434758.08,1223672.101
002362.SZ,20241212,29.0,29.75,27.55,27.73,30.57,-2.84,-9.2902,608634.21,1718905.824
002362.SZ,20241211,31.37,31.69,30.57,30.57,33.97,-3.4,-10.0088,667140.26,2054246.817
002362.SZ,20241210,31.0,33.97,29.3,33.97,30.88,3.09,10.0065,975090.05,3139121.941
002362.SZ,20241209,30.88,30.88,27.26,30.88,28.07,2.81,10.0107,869670.89,2654571.806
002362.SZ,20241206,28.07,28.07,28.07,28.07,25.52,2.55,9.9922,40541.9,113801.113
002362.SZ,20241205,22.91,25.52,22.78,25.52,23.2,2.32,10.0,427749.73,1074788.958
002362.SZ,20241204,23.49,24.41,22.67,23.2,23.6,-0.4,-1.6949,253881.25,592538.091
002362.SZ,20241203,24.0,24.33,23.01,23.6,24.52,-0.92,-3.752,249180.64,588303.841
002362.SZ,20241202,23.65,25.04,23.4,24.52,23.88,0.64,2.6801,323371.16,789711.29
002362.SZ,20241129,23.02,24.5,22.6,23.88,24.02,-0.14,-0.5828,353426.28,828898.726
002362.SZ,20241128,23.11,25.69,22.6,24.02,23.35,0.67,2.8694,515135.75,1246097.851
002362.SZ,20241127,23.02,23.49,21.5,23.35,23.44,-0.09,-0.384,441726.21,994251.508
002362.SZ,20241126,21.85,23.44,21.85,23.44,21.31,2.13,9.9953,114899.95,266994.314
002362.SZ,20241125,21.93,21.93,20.4,21.31,21.92,-0.61,-2.7828,308550.6,651321.856
002362.SZ,20241122,21.05,23.38,20.8,21.92,21.25,0.67,3.1529,474285.91,1069132.377
002362.SZ,20241121,20.51,21.86,20.34,21.25,20.51,0.74,3.608,175767.0,372449.843
002362.SZ,20241120,19.7,20.85,19.5,20.51,19.7,0.81,4.1117,121565.04,247096.237
002362.SZ,20241119,19.22,19.76,18.91,19.7,19.22,0.48,2.4974,120670.7,233115.18
002362.SZ,20241118,21.21,21.5,19.06,19.22,21.0,-1.78,-8.4762,204092.0,400582.638
002362.SZ,20241115,20.95,22.5,20.95,21.0,20.73,0.27,1.3025,239595.05,519315.069
002362.SZ,20241114,21.34,21.68,20.68,20.73,21.58,-0.85,-3.9388,132355.5,279579.85
002362.SZ,20241113,20.65,22.15,20.65,21.58,20.96,0.62,2.958,214081.02,459064.644
002362.SZ,20241112,21.51,21.53,20.68,20.96,21.51,-0.55,-2.557,137110.89,289351.156
002362.SZ,20241111,20.71,21.73,20.7,21.51,20.81,0.7,3.3638,187832.42,401571.696
002362.SZ,20241108,21.0,21.33,20.72,20.81,20.77,0.04,0.1926,154734.05,325362.175
002362.SZ,20241107,20.53,20.8,20.25,20.77,20.81,-0.04,-0.1922,130514.05,268432.866
002362.SZ,20241106,21.48,21.55,20.6,20.81,21.28,-0.47,-2.2086,208114.06,437654.591
002362.SZ,20241105,19.96,21.6,19.8,21.28,20.0,1.28,6.4,261285.12,544903.557
002362.SZ,20241104,19.24,20.37,19.04,20.0,19.41,0.59,3.0397,147261.61,292915.678
002362.SZ,20241101,20.43,21.53,19.34,19.41,20.38,-0.97,-4.7596,262927.57,534540.006
002362.SZ,20241031,19.59,21.0,19.29,20.38,19.63,0.75,3.8207,239470.89,482639.792
002362.SZ,20241030,19.61,19.89,19.32,19.63,19.36,0.27,1.3946,141843.26,278597.605
002362.SZ,20241029,19.9,20.05,19.3,19.36,19.7,-0.34,-1.7259,112690.82,220340.901
002362.SZ,20241028,19.0,19.7,19.0,19.7,18.99,0.71,3.7388,138052.04,269081.343
002362.SZ,20241025,18.77,19.16,18.77,18.99,18.85,0.14,0.7427,67835.02,128675.326
002362.SZ,20241024,19.02,19.02,18.65,18.85,19.02,-0.17,-0.8938,65314.0,122921.933
002362.SZ,20241023,19.15,19.5,18.92,19.02,19.16,-0.14,-0.7307,107467.7,206846.988
002362.SZ,20241022,19.4,19.5,18.88,19.16,19.4,-0.24,-1.2371,118764.0,227863.81
002362.SZ,20241021,19.1,19.7,19.0,19.4,18.91,0.49,2.5912,175015.19,339703.924
002362.SZ,20241018,18.45,19.35,18.18,18.91,18.68,0.23,1.2313,191328.88,358200.878
002362.SZ,20241017,18.38,19.55,18.38,18.68,18.24,0.44,2.4123,180823.22,341122.354
002362.SZ,20241016,17.85,18.48,17.66,18.24,18.02,0.22,1.2209,85817.06,156375.145
002362.SZ,20241015,18.28,18.78,18.0,18.02,18.27,-0.25,-1.3684,93250.0,171490.513
002362.SZ,20241014,17.6,18.27,17.28,18.27,17.58,0.69,3.9249,101118.7,180425.278
002362.SZ,20241011,18.8,18.8,17.28,17.58,18.81,-1.23,-6.5391,118406.0,211528.847
002362.SZ,20241010,19.2,19.58,18.62,18.81,18.87,-0.06,-0.318,133182.0,254408.847
002362.SZ,20241009,20.69,20.69,18.86,18.87,20.65,-1.78,-8.6199,204353.16,406114.34
002362.SZ,20241008,20.65,20.65,19.25,20.65,18.77,1.88,10.016,227345.75,461501.708
002362.SZ,20240930,17.68,18.79,17.62,18.77,17.08,1.69,9.8946,181784.03,332906.076
002362.SZ,20240927,16.5,17.46,16.5,17.08,16.37,0.71,4.3372,104853.0,177657.86
002362.SZ,20240926,16.01,16.39,15.96,16.37,16.06,0.31,1.9303,60763.0,98488.375
002362.SZ,20240925,16.25,16.44,15.92,16.06,15.89,0.17,1.0699,75963.84,123073.093
002362.SZ,20240924,15.74,15.9,15.45,15.89,15.65,0.24,1.5335,58865.0,92696.761
002362.SZ,20240923,15.67,15.94,15.43,15.65,15.54,0.11,0.7079,51289.01,80425.82
002362.SZ,20240920,15.3,15.59,15.23,15.54,15.2,0.34,2.2368,54073.01,83708.399
002362.SZ,20240919,14.9,15.27,14.77,15.2,14.74,0.46,3.1208,39059.0,58975.987
002362.SZ,20240918,14.99,15.05,14.57,14.74,14.99,-0.25,-1.6678,26751.0,39484.305
002362.SZ,20240913,15.36,15.43,14.96,14.99,15.35,-0.36,-2.3453,34357.0,52070.183
002362.SZ,20240912,15.32,15.47,15.21,15.35,15.23,0.12,0.7879,37430.0,57482.954
002362.SZ,20240911,15.27,15.4,15.14,15.23,15.35,-0.12,-0.7818,25443.71,38760.062
002362.SZ,20240910,14.97,15.43,14.76,15.35,14.97,0.38,2.5384,37303.02,56423.78
002362.SZ,20240909,14.9,15.16,14.71,14.97,14.97,0.0,0.0,26334.36,39402.657
002362.SZ,20240906,15.32,15.35,14.97,14.97,15.32,-0.35,-2.2846,23064.0,34871.018
002362.SZ,20240905,15.03,15.38,15.03,15.32,15.09,0.23,1.5242,30302.1,46160.265
002362.SZ,20240904,15.13,15.28,14.95,15.09,15.21,-0.12,-0.789,26198.0,39521.081
002362.SZ,20240903,14.81,15.22,14.81,15.21,14.82,0.39,2.6316,39081.0,58961.622
002362.SZ,20240902,15.22,15.35,14.81,14.82,15.22,-0.4,-2.6281,34607.0,52035.468
002362.SZ,20240830,14.73,15.38,14.69,15.22,14.7,0.52,3.5374,58170.16,88293.157
002362.SZ,20240829,14.21,14.82,14.15,14.7,14.21,0.49,3.4483,46012.92,66937.09
002362.SZ,20240828,14.24,14.28,13.84,14.21,14.19,0.02,0.1409,29405.0,41410.723
002362.SZ,20240827,14.65,14.68,14.11,14.19,14.62,-0.43,-2.9412,29244.0,41931.068
002362.SZ,20240826,14.69,14.83,14.53,14.62,14.65,-0.03,-0.2048,27417.0,40196.41
002362.SZ,20240823,14.39,14.8,14.25,14.65,14.37,0.28,1.9485,40809.0,59457.371
002362.SZ,20240822,14.77,15.0,14.34,14.37,14.81,-0.44,-2.971,39485.7,57635.581
002362.SZ,20240821,14.72,15.13,14.72,14.81,14.89,-0.08,-0.5373,31969.01,47765.026
002362.SZ,20240820,15.06,15.11,14.83,14.89,15.06,-0.17,-1.1288,26608.0,39677.338
002362.SZ,20240819,15.35,15.37,15.03,15.06,15.18,-0.12,-0.7905,34644.0,52508.6
002362.SZ,20240816,15.16,15.36,15.04,15.18,15.1,0.08,0.5298,34032.16,51812.117
002362.SZ,20240815,14.8,15.19,14.64,15.1,14.87,0.23,1.5467,40651.0,61110.846
002362.SZ,20240814,14.73,14.92,14.56,14.87,14.73,0.14,0.9504,27266.0,40322.067
002362.SZ,20240813,14.77,14.83,14.5,14.73,14.61,0.12,0.8214,25909.0,37843.609
002362.SZ,20240812,14.92,15.08,14.55,14.61,14.94,-0.33,-2.2088,36706.01,53883.108
002362.SZ,20240809,15.34,15.36,14.93,14.94,15.19,-0.25,-1.6458,38025.0,57332.588
002362.SZ,20240808,15.47,15.49,15.03,15.19,15.53,-0.34,-2.1893,36155.0,54944.47
002362.SZ,20240807,15.41,15.92,15.36,15.53,15.36,0.17,1.1068,43058.0,67363.991
002362.SZ,20240806,15.24,15.37,15.0,15.36,14.96,0.4,2.6738,44009.31,66725.012
002362.SZ,20240805,15.66,15.9,14.95,14.96,15.74,-0.78,-4.9555,55359.0,84773.166
002362.SZ,20240802,16.05,16.32,15.72,15.74,16.19,-0.45,-2.7795,38986.0,62424.215
002362.SZ,20240801,16.2,16.35,16.08,16.19,16.18,0.01,0.0618,47534.02,77082.483
002362.SZ,20240731,15.54,16.18,15.5,16.18,15.54,0.64,4.1184,55150.0,88214.341
002362.SZ,20240730,15.37,15.67,15.24,15.54,15.48,0.06,0.3876,38820.0,60148.571
002362.SZ,20240729,15.41,15.67,15.18,15.48,15.23,0.25,1.6415,42557.0,65690.168
002362.SZ,20240726,15.2,15.3,15.03,15.23,15.13,0.1,0.6609,26928.0,40898.995
002362.SZ,20240725,15.12,15.35,14.86,15.13,15.14,-0.01,-0.0661,30031.0,45290.19
002362.SZ,20240724,15.5,15.6,15.11,15.14,15.5,-0.36,-2.3226,41852.02,63812.905
002362.SZ,20240723,15.9,16.13,15.5,15.5,16.02,-0.52,-3.2459,33902.0,53661.814
002362.SZ,20240722,15.91,16.29,15.8,16.02,15.74,0.28,1.7789,43658.0,70071.731
002362.SZ,20240719,15.43,15.87,15.32,15.74,15.47,0.27,1.7453,43421.63,68194.307
002362.SZ,20240718,15.6,15.6,15.05,15.47,15.69,-0.22,-1.4022,46831.83,71495.396
002362.SZ,20240717,16.0,16.13,15.68,15.69,16.0,-0.31,-1.9375,31986.23,50698.747
002362.SZ,20240716,15.75,16.1,15.58,16.0,15.89,0.11,0.6923,33163.02,52637.2
002362.SZ,20240715,16.06,16.09,15.75,15.89,16.12,-0.23,-1.4268,25079.41,39789.316
002362.SZ,20240712,16.24,16.37,16.06,16.12,16.34,-0.22,-1.3464,27784.0,44984.118
002362.SZ,20240711,16.2,16.38,16.04,16.34,15.92,0.42,2.6382,43467.0,70761.992
002362.SZ,20240710,15.87,16.23,15.74,15.92,16.14,-0.22,-1.3631,37510.01,60076.949
002362.SZ,20240709,15.63,16.15,15.42,16.14,15.73,0.41,2.6065,46535.22,73727.313
002362.SZ,20240708,16.3,16.34,15.62,15.73,16.3,-0.57,-3.4969,38308.0,60695.779
002362.SZ,20240705,16.05,16.37,15.75,16.3,16.05,0.25,1.5576,35664.93,57631.912
002362.SZ,20240704,16.56,16.74,16.01,16.05,16.49,-0.44,-2.6683,35173.0,57194.376
002362.SZ,20240703,16.82,16.97,16.48,16.49,16.93,-0.44,-2.5989,35030.93,58189.247
002362.SZ,20240702,16.72,17.17,16.72,16.93,16.64,0.29,1.7428,60976.07,103748.184
002362.SZ,20240701,16.7,16.83,16.29,16.64,16.65,-0.01,-0.0601,38189.01,62939.467
002362.SZ,20240628,16.75,17.09,16.54,16.65,16.75,-0.1,-0.597,50392.0,84813.105
002362.SZ,20240627,16.94,17.21,16.74,16.75,17.07,-0.32,-1.8746,59896.76,101718.049
002362.SZ,20240626,15.81,17.09,15.64,17.07,15.77,1.3,8.2435,77481.58,127734.388
002362.SZ,20240625,16.02,16.28,15.54,15.77,16.0,-0.23,-1.4375,42739.5,67793.41
002362.SZ,20240624,16.81,16.81,15.96,16.0,16.82,-0.82,-4.8751,43273.0,70385.384
002362.SZ,20240621,16.8,16.94,16.35,16.82,16.93,-0.11,-0.6497,31609.98,52981.609
002362.SZ,20240620,17.48,17.48,16.91,16.93,17.48,-0.55,-3.1465,40848.16,70017.367
002362.SZ,20240619,17.6,17.8,17.43,17.48,17.6,-0.12,-0.6818,38333.16,67484.707
002362.SZ,20240618,17.22,17.62,17.1,17.6,17.22,0.38,2.2067,40389.0,70664.043
002362.SZ,20240617,17.17,17.35,17.08,17.22,17.23,-0.01,-0.058,29592.0,51023.145
002362.SZ,20240614,17.09,17.24,16.86,17.23,17.09,0.14,0.8192,32479.16,55536.071
002362.SZ,20240613,17.06,17.35,17.01,17.09,17.14,-0.05,-0.2917,41949.0,72008.304
002362.SZ,20240612,16.69,17.2,16.69,17.14,16.67,0.47,2.8194,51056.16,87147.159
002362.SZ,20240611,16.33,16.75,15.88,16.67,16.23,0.44,2.711,47462.2,78060.274
002362.SZ,20240607,16.31,16.57,16.05,16.23,16.15,0.08,0.4954,40777.1,66390.156
002362.SZ,20240606,16.89,17.15,16.0,16.15,16.89,-0.74,-4.3813,76367.01,124749.87
002362.SZ,20240605,16.99,17.48,16.85,16.89,16.99,-0.1,-0.5886,52654.02,90167.3
002362.SZ,20240604,17.26,17.29,16.77,16.99,17.32,-0.33,-1.9053,45787.16,77454.304
002362.SZ,20240603,17.95,17.95,17.18,17.32,17.7,-0.38,-2.1469,44824.03,78315.903
002362.SZ,20240531,17.2,17.8,17.2,17.7,17.32,0.38,2.194,45270.03,79800.89
002362.SZ,20240530,17.18,17.46,17.0,17.32,17.32,0.0,0.0,32469.01,56232.133
002362.SZ,20240529,17.32,17.67,17.23,17.32,17.33,-0.01,-0.0577,31127.31,54156.636
002362.SZ,20240528,17.58,17.69,17.23,17.33,17.57,-0.24,-1.366,30294.01,52820.397
002362.SZ,20240527,17.5,17.63,17.06,17.57,17.4,0.17,0.977,36769.01,63636.801
002362.SZ,20240524,17.87,17.94,17.39,17.4,17.83,-0.43,-2.4117,39306.22,69096.267
002362.SZ,20240523,18.26,18.28,17.75,17.83,18.21,-0.38,-2.0868,44828.01,80421.442
002362.SZ,20240522,18.2,18.34,18.02,18.21,18.18,0.03,0.165,33672.91,61266.989
002362.SZ,20240521,18.44,18.44,18.1,18.18,18.37,-0.19,-1.0343,40547.0,73762.413
002362.SZ,20240520,18.43,18.67,18.15,18.37,18.43,-0.06,-0.3256,48518.0,89383.602
002362.SZ,20240517,18.37,18.45,17.94,18.43,18.22,0.21,1.1526,41891.92,76707.203
002362.SZ,20240516,18.17,18.49,18.15,18.22,18.17,0.05,0.2752,40966.01,75103.548
002362.SZ,20240515,18.43,18.62,18.15,18.17,18.42,-0.25,-1.3572,40323.01,74075.096
002362.SZ,20240514,18.2,18.82,18.01,18.42,17.9,0.52,2.905,56612.0,103652.327
002362.SZ,20240513,18.3,18.31,17.8,17.9,18.44,-0.54,-2.9284,49990.0,90045.502
002362.SZ,20240510,18.91,19.1,18.39,18.44,18.89,-0.45,-2.3822,45900.65,85184.503
002362.SZ,20240509,18.69,19.04,18.69,18.89,18.77,0.12,0.6393,49463.01,93475.811
002362.SZ,20240508,19.21,19.25,18.72,18.77,19.39,-0.62,-3.1975,66207.31,125378.68
002362.SZ,20240507,19.36,19.85,19.24,19.39,19.37,0.02,0.1033,75379.53,147032.548
002362.SZ,20240506,19.65,19.93,19.25,19.37,19.52,-0.15,-0.7684,80670.0,157735.421
002362.SZ,20240430,19.46,19.82,19.07,19.52,19.5,0.02,0.1026,76401.02,148746.302
002362.SZ,20240429,18.92,19.61,18.92,19.5,18.8,0.7,3.7234,79962.0,154923.855
002362.SZ,20240426,18.45,18.95,18.45,18.8,18.46,0.34,1.8418,71981.0,135143.344
002362.SZ,20240425,18.3,18.76,18.1,18.46,18.37,0.09,0.4899,65074.75,120262.591
002362.SZ,20240424,17.65,18.42,17.65,18.37,17.63,0.74,4.1974,81500.75,147719.394
002362.SZ,20240423,17.41,17.8,17.36,17.63,17.26,0.37,2.1437,70129.07,123400.412
002362.SZ,20240422,16.95,17.56,16.69,17.26,17.33,-0.07,-0.4039,56419.0,97012.893
002362.SZ,20240419,17.74,17.77,17.2,17.33,17.78,-0.45,-2.5309,70007.0,121964.514
002362.SZ,20240418,18.0,18.19,17.5,17.78,18.0,-0.22,-1.2222,83996.31,150414.7
002362.SZ,20240417,16.85,18.0,16.85,18.0,16.51,1.49,9.0248,107685.82,190582.317
002362.SZ,20240416,18.2,18.29,16.5,16.51,18.3,-1.79,-9.7814,138001.41,234891.616
002362.SZ,20240415,19.04,19.17,17.9,18.3,19.45,-1.15,-5.9126,125480.95,231058.582
002362.SZ,20240412,19.82,20.1,19.36,19.45,19.81,-0.36,-1.8173,68923.49,135320.464
002362.SZ,20240411,19.09,20.26,19.06,19.81,19.38,0.43,2.2188,109438.0,216987.568
002362.SZ,20240410,20.12,20.12,19.04,19.38,20.19,-0.81,-4.0119,103409.61,201398.677
002362.SZ,20240409,20.31,20.67,19.99,20.19,20.37,-0.18,-0.8837,89131.91,180514.861
002362.SZ,20240408,21.28,21.53,20.37,20.37,21.2,-0.83,-3.9151,106784.08,221489.775
002362.SZ,20240403,22.4,22.6,21.12,21.2,22.16,-0.96,-4.3321,162729.21,350350.801
002362.SZ,20240402,23.3,23.32,21.93,22.16,22.39,-0.23,-1.0272,296849.56,668865.211
002362.SZ,20240401,20.86,22.39,20.85,22.39,20.35,2.04,10.0246,122941.22,271017.013
002362.SZ,20240329,20.64,20.67,19.9,20.35,20.67,-0.32,-1.5481,73924.65,149877.644
002362.SZ,20240328,19.52,20.95,19.47,20.67,19.48,1.19,6.1088,123411.0,252370.09
002362.SZ,20240327,20.86,20.96,19.38,19.48,20.96,-1.48,-7.0611,123304.0,247020.856
002362.SZ,20240326,21.61,21.95,20.67,20.96,21.66,-0.7,-3.2318,121802.06,258194.822
002362.SZ,20240325,22.9,23.14,21.64,21.66,22.8,-1.14,-5.0,140056.71,313683.312
002362.SZ,20240322,22.55,23.16,21.9,22.8,22.72,0.08,0.3521,192931.64,435745.188
002362.SZ,20240321,22.79,23.28,22.54,22.72,22.68,0.04,0.1764,180320.0,412444.71
002362.SZ,20240320,22.01,22.8,21.92,22.68,22.01,0.67,3.0441,183223.67,412157.014
002362.SZ,20240319,22.09,22.36,21.91,22.01,22.11,-0.1,-0.4523,129796.41,287214.91
002362.SZ,20240318,21.75,22.16,21.6,22.11,21.57,0.54,2.5035,147458.06,323573.111
002362.SZ,20240315,20.99,21.58,20.87,21.57,21.26,0.31,1.4581,110709.45,236234.023
002362.SZ,20240314,21.49,21.66,20.86,21.26,21.84,-0.58,-2.6557,151867.34,323384.096
002362.SZ,20240313,21.35,22.68,21.25,21.84,21.22,0.62,2.9218,244159.64,534783.723
002362.SZ,20240312,21.2,21.34,21.0,21.22,20.99,0.23,1.0958,105360.67,222959.213
002362.SZ,20240311,20.36,21.0,20.29,20.99,20.79,0.2,0.962,95422.06,198124.865
002362.SZ,20240308,20.49,20.88,20.37,20.79,20.61,0.18,0.8734,93749.0,193582.558
002362.SZ,20240307,21.05,21.6,20.6,20.61,21.25,-0.64,-3.0118,136725.37,288145.459
002362.SZ,20240306,21.3,21.49,20.83,21.25,21.68,-0.43,-1.9834,156666.93,331790.627
002362.SZ,20240305,21.95,22.65,21.32,21.68,21.95,-0.27,-1.2301,252584.21,552070.2
002362.SZ,20240304,21.32,22.13,20.92,21.95,21.24,0.71,3.3427,255342.27,551013.211
002362.SZ,20240301,20.28,21.58,20.18,21.24,20.26,0.98,4.8371,238682.2,500321.15
002362.SZ,20240229,18.97,20.39,18.89,20.26,19.26,1.0,5.1921,179673.96,359787.946
002362.SZ,20240228,21.34,21.61,19.25,19.26,21.39,-2.13,-9.9579,257882.62,532635.265
002362.SZ,20240227,20.47,21.49,20.27,21.39,20.93,0.46,2.1978,248128.4,519903.592
002362.SZ,20240226,20.69,21.72,20.1,20.93,20.9,0.03,0.1435,263934.97,548368.762
002362.SZ,20240223,19.61,21.35,19.51,20.9,19.75,1.15,5.8228,311729.5,633211.785
002362.SZ,20240222,18.58,19.87,18.58,19.75,19.18,0.57,2.9718,235340.99,459351.905
002362.SZ,20240221,18.81,21.27,18.55,19.18,19.34,-0.16,-0.8273,376098.59,749787.526
002362.SZ,20240220,19.34,19.34,18.55,19.34,17.58,1.76,10.0114,142355.93,272577.989
002362.SZ,20240219,17.58,17.58,17.58,17.58,15.98,1.6,10.0125,32654.83,57407.191
002362.SZ,20240208,14.94,16.08,14.7,15.98,14.63,1.35,9.2276,131740.0,202910.193
002362.SZ,20240207,15.02,15.49,14.52,14.63,15.02,-0.39,-2.5965,114374.93,171771.635
002362.SZ,20240206,14.01,15.43,13.44,15.02,14.73,0.29,1.9688,124104.92,179388.889
002362.SZ,20240205,16.3,16.3,14.73,14.73,16.37,-1.64,-10.0183,121858.97,183837.033
002362.SZ,20240202,17.3,17.57,15.74,16.37,17.25,-0.88,-5.1014,104839.08,175073.295
002362.SZ,20240201,17.03,17.7,16.8,17.25,17.18,0.07,0.4075,83809.81,144847.562
002362.SZ,20240131,18.55,18.6,17.08,17.18,18.78,-1.6,-8.5197,143059.95,253642.109
002362.SZ,20240130,19.61,19.9,18.72,18.78,19.61,-0.83,-4.2325,81640.45,157316.169
002362.SZ,20240129,20.37,20.68,19.6,19.61,20.48,-0.87,-4.248,81711.55,163001.218
002362.SZ,20240126,20.57,21.07,20.48,20.48,20.71,-0.23,-1.1106,89006.94,184507.618
002362.SZ,20240125,20.15,20.82,19.92,20.71,20.19,0.52,2.5755,110667.34,226593.807
002362.SZ,20240124,19.92,20.25,19.41,20.19,19.95,0.24,1.203,108574.9,216506.216
002362.SZ,20240123,19.89,20.26,19.15,19.95,19.52,0.43,2.2029,105121.92,208201.692
002362.SZ,20240122,21.45,21.45,19.3,19.52,21.25,-1.73,-8.1412,138842.64,281474.461
002362.SZ,20240119,21.8,22.09,21.2,21.25,21.91,-0.66,-3.0123,86133.09,186886.603
002362.SZ,20240118,21.26,21.96,20.9,21.91,21.5,0.41,1.907,124977.11,268572.556
002362.SZ,20240117,21.67,22.17,21.46,21.5,21.67,-0.17,-0.7845,117638.19,256694.627
002362.SZ,20240116,21.88,21.89,21.19,21.67,21.9,-0.23,-1.0502,125454.48,269752.237
002362.SZ,20240115,22.7,22.7,21.83,21.9,22.94,-1.04,-4.5336,158069.75,349457.69
002362.SZ,20240112,24.73,24.76,22.75,22.94,24.83,-1.89,-7.6118,219433.88,522306.57
002362.SZ,20240111,24.03,25.0,24.02,24.83,24.5,0.33,1.3469,137394.64,339704.268
002362.SZ,20240110,25.2,25.98,24.45,24.5,25.44,-0.94,-3.695,171688.04,429851.132
002362.SZ,20240109,26.1,26.56,25.2,25.44,26.28,-0.84,-3.1963,227475.33,589970.562
002362.SZ,20240108,24.66,27.2,24.25,26.28,25.0,1.28,5.12,295132.62,764662.674
002362.SZ,20240105,26.07,26.09,24.2,25.0,26.24,-1.24,-4.7256,208933.9,528200.369
002362.SZ,20240104,26.5,27.2,26.22,26.24,26.82,-0.58,-2.1626,281974.93,751932.705
002362.SZ,20240103,25.7,27.0,25.21,26.82,26.17,0.65,2.4838,368544.85,970177.584
002362.SZ,20240102,25.62,26.44,25.09,26.17,25.62,0.55,2.1468,278303.2,722855.567
002362.SZ,20231229,24.69,25.8,24.58,25.62,24.9,0.72,2.8916,261425.48,665171.781
002362.SZ,20231228,25.21,25.5,24.01,24.9,25.85,-0.95,-3.675,285317.31,707685.955
002362.SZ,20231227,25.7,26.82,25.18,25.85,25.93,-0.08,-0.3085,361548.99,945962.295
002362.SZ,20231226,25.31,26.15,24.6,25.93,25.6,0.33,1.2891,284161.5,721982.755
002362.SZ,20231225,24.83,25.97,23.9,25.6,24.99,0.61,2.441,253207.49,635875.573
002362.SZ,20231222,25.1,26.3,24.96,24.99,25.41,-0.42,-1.6529,373555.43,959266.488
002362.SZ,20231221,24.36,25.65,23.53,25.41,24.69,0.72,2.9162,354008.53,872327.723
002362.SZ,20231220,25.98,26.2,24.6,24.69,26.25,-1.56,-5.9429,292100.53,734912.138
002362.SZ,20231219,26.0,26.53,24.96,26.25,26.99,-0.74,-2.7418,297598.98,775716.221
002362.SZ,20231218,25.71,27.2,25.71,26.99,25.98,1.01,3.8876,433849.42,1163153.05
002362.SZ,20231215,26.39,26.94,25.76,25.98,27.5,-1.52,-5.5273,443084.47,1162112.079
002362.SZ,20231214,28.91,28.91,26.67,27.5,29.63,-2.13,-7.1887,667200.42,1854182.72
002362.SZ,20231213,27.0,29.63,26.9,29.63,26.94,2.69,9.9852,812379.62,2331094.718
002362.SZ,20231212,24.35,26.94,24.24,26.94,24.49,2.45,10.0041,478807.2,1213455.37
002362.SZ,20231211,24.35,24.58,23.9,24.49,24.21,0.28,1.1565,239854.72,583098.693
002362.SZ,20231208,23.55,24.66,23.44,24.21,23.54,0.67,2.8462,261232.25,630425.68
002362.SZ,20231207,22.84,24.2,22.78,23.54,22.8,0.74,3.2456,191331.5,451062.999
002362.SZ,20231206,22.5,23.39,22.13,22.8,22.5,0.3,1.3333,117931.78,266850.824
002362.SZ,20231205,23.75,23.75,22.46,22.5,23.56,-1.06,-4.4992,118110.41,269703.701
002362.SZ,20231204,23.48,23.88,23.43,23.56,23.75,-0.19,-0.8,168306.0,399097.011
002362.SZ,20231201,22.24,24.0,22.15,23.75,22.3,1.45,6.5022,266961.7,626133.458
002362.SZ,20231130,22.7,22.7,21.95,22.3,22.76,-0.46,-2.0211,126886.47,282322.532
002362.SZ,20231129,23.29,23.32,22.75,22.76,23.7,-0.94,-3.9662,223086.19,513848.986
002362.SZ,20231128,22.25,24.45,22.07,23.7,22.23,1.47,6.6127,351774.8,836946.953
002362.SZ,20231127,22.03,22.68,22.02,22.23,22.18,0.05,0.2254,47050.13,105294.543
002362.SZ,20231124,22.99,23.0,22.13,22.18,22.95,-0.77,-3.3551,53747.73,120345.829
002362.SZ,20231123,22.86,23.0,22.44,22.95,22.91,0.04,0.1746,49705.0,113248.238
002362.SZ,20231122,23.1,23.43,22.88,22.91,23.23,-0.32,-1.3775,54151.41,125401.706
002362.SZ,20231121,23.66,23.8,23.19,23.23,23.64,-0.41,-1.7343,54996.93,128917.893
002362.SZ,20231120,23.41,23.78,23.41,23.64,23.41,0.23,0.9825,52362.95,123532.467
002362.SZ,20231117,23.3,23.55,23.13,23.41,23.37,0.04,0.1712,47841.95,111741.269
002362.SZ,20231116,23.48,23.85,23.37,23.37,23.67,-0.3,-1.2674,54567.79,128660.424
002362.SZ,20231115,23.91,24.04,23.58,23.67,23.81,-0.14,-0.588,69077.77,164175.689
002362.SZ,20231114,23.58,23.9,23.4,23.81,23.62,0.19,0.8044,71671.0,169770.97
002362.SZ,20231113,23.06,23.85,23.06,23.62,23.02,0.6,2.6064,85618.0,201682.34
002362.SZ,20231110,23.11,23.38,22.86,23.02,23.2,-0.18,-0.7759,59812.34,137801.218
002362.SZ,20231109,23.47,23.69,23.1,23.2,23.47,-0.27,-1.1504,76857.0,179276.877
002362.SZ,20231108,23.16,23.82,23.04,23.47,23.2,0.27,1.1638,117100.34,274603.557
002362.SZ,20231107,22.8,23.42,22.66,23.2,22.79,0.41,1.799,104306.7,240495.374
002362.SZ,20231106,22.17,22.87,22.16,22.79,22.33,0.46,2.06,104132.15,235676.755
002362.SZ,20231103,21.83,22.56,21.6,22.33,21.49,0.84,3.9088,129596.08,288076.071
002362.SZ,20231102,21.56,22.02,21.43,21.49,21.75,-0.26,-1.1954,45367.02,98407.564
002362.SZ,20231101,21.98,22.15,21.69,21.75,21.82,-0.07,-0.3208,49511.17,108262.068
002362.SZ,20231031,22.0,22.16,21.56,21.82,21.98,-0.16,-0.7279,62307.74,135964.285
002362.SZ,20231030,21.31,22.05,21.31,21.98,21.69,0.29,1.337,72251.68,158123.436
002362.SZ,20231027,21.57,21.81,21.08,21.69,21.74,-0.05,-0.23,71531.01,153573.789
002362.SZ,20231026,21.58,21.8,21.23,21.74,21.64,0.1,0.4621,61519.54,132692.81
002362.SZ,20231025,21.44,21.99,21.44,21.64,21.43,0.21,0.9799,66431.1,144426.173
002362.SZ,20231024,20.91,21.57,20.89,21.43,20.91,0.52,2.4868,73008.17,155490.762
002362.SZ,20231023,21.8,21.9,20.8,20.91,21.87,-0.96,-4.3896,75351.22,160615.696
002362.SZ,20231020,22.97,23.13,21.8,21.87,22.8,-0.93,-4.0789,91414.34,203585.526
002362.SZ,20231019,22.87,23.62,22.72,22.8,22.98,-0.18,-0.7833,94258.0,218335.26
002362.SZ,20231018,23.51,23.68,22.54,22.98,23.78,-0.8,-3.3642,100560.1,231072.443
002362.SZ,20231017,23.58,23.99,23.15,23.78,23.66,0.12,0.5072,94412.36,223013.037
002362.SZ,20231016,24.2,24.25,23.5,23.66,24.18,-0.52,-2.1505,124190.29,295721.332
002362.SZ,20231013,25.0,25.71,24.17,24.18,25.21,-1.03,-4.0857,198428.39,489688.212
002362.SZ,20231012,25.1,25.68,24.56,25.21,25.16,0.05,0.1987,243235.6,611869.662
002362.SZ,20231011,24.42,26.57,24.02,25.16,24.6,0.56,2.2764,278707.29,703219.185
002362.SZ,20231010,23.78,25.19,23.74,24.6,23.78,0.82,3.4483,213766.72,523690.871
002362.SZ,20231009,23.5,24.2,23.36,23.78,23.69,0.09,0.3799,125799.34,299201.477
002362.SZ,20230928,24.38,24.58,23.36,23.69,24.2,-0.51,-2.1074,177094.7,422556.015
002362.SZ,20230927,24.0,24.78,23.88,24.2,24.4,-0.2,-0.8197,187146.15,456623.809
002362.SZ,20230926,22.5,25.0,22.28,24.4,23.8,0.6,2.521,313385.55,750717.541
002362.SZ,20230925,22.41,24.35,22.08,23.8,22.52,1.28,5.6838,154979.99,354748.599
002362.SZ,20230922,21.4,22.81,21.36,22.52,21.49,1.03,4.7929,134824.69,300174.933
002362.SZ,20230921,21.35,21.9,21.34,21.49,21.87,-0.38,-1.7375,67217.19,145200.184
002362.SZ,20230920,21.45,22.56,21.31,21.87,21.45,0.42,1.958,125174.1,274653.92
002362.SZ,20230919,22.08,22.22,21.34,21.45,22.07,-0.62,-2.8092,68524.0,147739.304
002362.SZ,20230918,22.13,22.45,22.01,22.07,22.28,-0.21,-0.9425,56619.01,125508.346
002362.SZ,20230915,22.6,22.76,22.14,22.28,22.58,-0.3,-1.3286,51994.0,116172.916
002362.SZ,20230914,23.35,23.35,22.42,22.58,23.06,-0.48,-2.0815,62473.0,141577.204
002362.SZ,20230913,23.8,23.84,22.8,23.06,23.8,-0.74,-3.1092,87182.3,201947.969
002362.SZ,20230912,23.9,24.08,23.7,23.8,24.08,-0.28,-1.1628,66852.0,159401.584
002362.SZ,20230911,23.62,24.26,23.51,24.08,23.67,0.41,1.7322,84600.44,202574.675
002362.SZ,20230908,23.57,23.94,23.47,23.67,23.78,-0.11,-0.4626,64255.68,152159.986
002362.SZ,20230907,24.09,24.35,23.77,23.78,24.11,-0.33,-1.3687,83378.0,200133.52
002362.SZ,20230906,23.79,24.2,23.56,24.11,23.94,0.17,0.7101,87728.79,210133.127
002362.SZ,20230905,24.01,24.29,23.8,23.94,24.16,-0.22,-0.9106,110204.43,265353.939
002362.SZ,20230904,23.98,24.19,23.72,24.16,24.06,0.1,0.4156,112243.1,268804.066
002362.SZ,20230901,24.12,24.32,23.8,24.06,24.3,-0.24,-0.9877,136347.0,327624.439
002362.SZ,20230831,24.07,24.99,23.88,24.3,24.26,0.04,0.1649,297991.73,728956.94
002362.SZ,20230830,22.01,24.26,21.98,24.26,22.05,2.21,10.0227,224327.81,520689.024
002362.SZ,20230829,21.26,22.14,21.19,22.05,21.27,0.78,3.6671,94564.02,206681.354
002362.SZ,20230828,22.45,22.65,21.26,21.27,21.26,0.01,0.047,83384.0,181711.504
002362.SZ,20230825,22.56,22.56,21.05,21.26,22.78,-1.52,-6.6725,119562.01,258684.994
002362.SZ,20230824,23.01,23.43,22.76,22.78,23.23,-0.45,-1.9372,98996.0,227778.764
002362.SZ,20230823,22.88,23.89,22.57,23.23,23.08,0.15,0.6499,147580.02,345318.188
002362.SZ,20230822,22.53,23.13,22.43,23.08,22.31,0.77,3.4514,106089.01,241593.639
002362.SZ,20230821,22.17,22.82,22.17,22.31,22.15,0.16,0.7223,66865.0,150617.616
002362.SZ,20230818,23.04,23.2,22.1,22.15,23.07,-0.92,-3.9879,87572.87,197877.419
002362.SZ,20230817,22.49,23.2,22.39,23.07,22.83,0.24,1.0512,65179.59,149580.168
002362.SZ,20230816,23.8,23.8,22.6,22.83,24.03,-1.2,-4.9938,120226.03,277384.125
002362.SZ,20230815,24.48,24.75,23.87,24.03,24.5,-0.47,-1.9184,76097.02,184699.584
002362.SZ,20230814,23.75,24.64,23.6,24.5,24.07,0.43,1.7865,77493.1,187501.329
002362.SZ,20230811,25.0,25.01,24.01,24.07,24.76,-0.69,-2.7868,86613.1,212049.506
002362.SZ,20230810,25.14,25.31,24.5,24.76,25.18,-0.42,-1.668,107512.0,267562.994
002362.SZ,20230809,25.63,26.08,25.1,25.18,25.79,-0.61,-2.3653,121060.0,309648.551
002362.SZ,20230808,26.4,26.5,25.79,25.79,26.64,-0.85,-3.1907,191797.0,500587.63
002362.SZ,20230807,25.79,27.6,25.26,26.64,25.35,1.29,5.0888,329542.67,872691.415
002362.SZ,20230804,24.83,25.5,24.8,25.35,24.83,0.52,2.0942,136460.0,344500.186
002362.SZ,20230803,24.61,25.11,24.6,24.83,25.23,-0.4,-1.5854,88608.0,220061.342
002362.SZ,20230802,24.69,25.94,24.19,25.23,24.81,0.42,1.6929,170505.24,425861.048
002362.SZ,20230801,25.25,25.25,24.71,24.81,25.29,-0.48,-1.898,93552.78,232570.374
002362.SZ,20230731,24.88,25.56,24.41,25.29,25.18,0.11,0.4369,137300.0,344813.801
002362.SZ,20230728,25.07,25.99,24.96,25.18,24.71,0.47,1.9021,157809.14,400768.089
002362.SZ,20230727,24.9,25.27,24.6,24.71,25.1,-0.39,-1.5538,81413.0,202362.075
002362.SZ,20230726,24.82,25.46,24.61,25.1,25.1,0.0,0.0,132193.35,331375.909
002362.SZ,20230725,24.73,25.88,24.44,25.1,24.39,0.71,2.911,168874.16,424740.509
002362.SZ,20230724,24.02,24.56,23.83,24.39,24.13,0.26,1.0775,89007.37,216176.783
002362.SZ,20230721,24.08,24.62,23.88,24.13,24.44,-0.31,-1.2684,86723.01,209849.766
002362.SZ,20230720,24.74,24.94,24.3,24.44,25.56,-1.12,-4.3818,170874.37,420681.736
002362.SZ,20230719,23.71,26.02,23.7,25.56,23.65,1.91,8.0761,262771.38,664431.27
002362.SZ,20230718,23.96,24.2,23.62,23.65,23.95,-0.3,-1.2526,64928.0,154978.9
002362.SZ,20230717,23.91,24.4,23.81,23.95,24.18,-0.23,-0.9512,80788.01,194064.592
002362.SZ,20230714,23.79,24.45,23.7,24.18,23.75,0.43,1.8105,110628.01,267915.328
002362.SZ,20230713,23.35,23.86,23.33,23.75,23.39,0.36,1.5391,87581.1,206630.322
002362.SZ,20230712,24.2,24.33,23.37,23.39,24.33,-0.94,-3.8635,119798.19,284383.435
002362.SZ,20230711,24.17,24.59,24.06,24.33,24.28,0.05,0.2059,67172.8,163649.55
002362.SZ,20230710,24.75,24.87,24.25,24.28,24.68,-0.4,-1.6207,91266.0,223083.04
002362.SZ,20230707,25.48,25.48,24.5,24.68,25.65,-0.97,-3.7817,114452.0,284850.89
002362.SZ,20230706,25.36,26.0,25.32,25.65,25.62,0.03,0.1171,96949.1,249245.618
002362.SZ,20230705,25.51,26.2,25.2,25.62,25.51,0.11,0.4312,121443.02,312110.896
002362.SZ,20230704,25.22,25.57,25.12,25.51,25.37,0.14,0.5518,88808.15,225536.171
002362.SZ,20230703,25.52,25.63,25.0,25.37,25.49,-0.12,-0.4708,101780.52,257582.895
002362.SZ,20230630,25.18,25.53,24.89,25.49,25.25,0.24,0.9505,103282.0,261542.938
002362.SZ,20230629,24.78,25.44,24.7,25.25,24.95,0.3,1.2024,111117.62,279147.396
002362.SZ,20230628,25.49,25.51,23.95,24.95,25.53,-0.58,-2.2718,159129.0,390979.649
002362.SZ,20230627,25.0,25.78,24.99,25.53,25.48,0.05,0.1962,123912.18,316158.685
002362.SZ,20230626,27.3,27.63,25.48,25.48,28.31,-2.83,-9.9965,259791.0,680907.829
002362.SZ,20230621,30.8,30.8,28.3,28.31,30.52,-2.21,-7.2412,271104.86,795097.308
002362.SZ,20230620,29.65,31.35,29.29,30.52,30.13,0.39,1.2944,354672.85,1071856.868
002362.SZ,20230619,30.5,30.88,29.9,30.13,30.33,-0.2,-0.6594,316548.27,957803.531
002362.SZ,20230616,29.3,30.5,29.01,30.33,29.22,1.11,3.7988,361581.12,1087316.651
002362.SZ,20230615,29.68,29.92,29.07,29.22,29.68,-0.46,-1.5499,216204.22,634427.181
002362.SZ,20230614,29.11,30.27,28.89,29.68,29.34,0.34,1.1588,308498.55,913444.488
002362.SZ,20230613,27.89,29.87,27.51,29.34,28.25,1.09,3.8584,319774.02,928854.135
002362.SZ,20230612,28.05,28.62,28.0,28.25,27.93,0.32,1.1457,180341.0,511136.724
002362.SZ,20230609,27.6,28.1,27.29,27.93,27.59,0.34,1.2323,170398.78,473683.846
002362.SZ,20230608,28.27,28.28,27.06,27.59,28.44,-0.85,-2.9887,201605.61,555667.239
002362.SZ,20230607,27.98,28.8,27.59,28.44,28.03,0.41,1.4627,220663.24,625230.266
002362.SZ,20230606,30.1,30.18,28.0,28.03,29.81,-1.78,-5.9712,297460.01,861801.506
002362.SZ,20230605,30.08,30.24,29.46,29.81,30.29,-0.48,-1.5847,254291.23,758247.536
002362.SZ,20230602,30.69,31.08,29.85,30.29,30.96,-0.67,-2.1641,420642.42,1277720.321
002362.SZ,20230601,28.82,32.23,28.67,30.96,29.3,1.66,5.6655,632520.44,1971525.65
002362.SZ,20230531,29.6,30.18,29.12,29.3,30.21,-0.91,-3.0122,319741.79,946334.428
002362.SZ,20230530,28.57,30.7,27.8,30.21,29.03,1.18,4.0648,431551.93,1276547.514
002362.SZ,20230529,29.8,30.4,29.02,29.03,29.82,-0.79,-2.6492,355598.75,1053336.99
002362.SZ,20230526,28.5,29.86,27.92,29.82,28.54,1.28,4.4849,415194.69,1210900.584
002362.SZ,20230525,27.5,28.78,27.4,28.54,28.23,0.31,1.0981,326441.17,920449.671
002362.SZ,20230524,27.08,28.96,27.07,28.23,28.06,0.17,0.6058,353737.03,999683.106
002362.SZ,20230523,29.0,29.64,28.01,28.06,28.78,-0.72,-2.5017,509088.24,1468796.825
002362.SZ,20230522,25.95,28.78,25.67,28.78,26.16,2.62,10.0153,364722.51,1001113.377
002362.SZ,20230519,26.72,26.99,26.13,26.16,27.16,-1.0,-3.6819,197443.54,523098.254
002362.SZ,20230518,26.18,27.42,26.01,27.16,26.34,0.82,3.1131,267768.85,719793.537
002362.SZ,20230517,26.0,26.45,25.65,26.34,26.0,0.34,1.3077,161224.01,422081.797
002362.SZ,20230516,27.1,27.14,25.7,26.0,27.1,-1.1,-4.059,240655.0,633661.391
002362.SZ,20230515,28.22,28.25,26.09,27.1,28.22,-1.12,-3.9688,335231.03,903985.343
002362.SZ,20230512,28.95,29.15,28.04,28.22,29.8,-1.58,-5.302,332374.58,949368.611
002362.SZ,20230511,30.84,31.84,29.0,29.8,32.17,-2.37,-7.3671,507980.14,1528020.201
002362.SZ,20230510,31.38,33.36,30.03,32.17,31.69,0.48,1.5147,639583.91,2063568.24
002362.SZ,20230509,27.65,32.42,27.04,31.69,29.47,2.22,7.5331,702337.13,2050089.169
002362.SZ,20230508,30.05,30.88,29.15,29.47,28.67,0.8,2.7904,645506.32,1933986.652
002362.SZ,20230505,27.04,28.67,27.04,28.67,26.06,2.61,10.0153,141892.29,402767.997
002362.SZ,20230504,24.95,26.35,24.94,26.06,24.9,1.16,4.6586,247745.22,639908.324
002362.SZ,20230428,23.88,25.16,23.88,24.9,23.94,0.96,4.01,159280.1,393916.772
002362.SZ,20230427,24.23,24.68,23.67,23.94,24.56,-0.62,-2.5244,147889.89,357106.217
002362.SZ,20230426,24.89,25.39,24.13,24.56,25.23,-0.67,-2.6556,187055.0,460665.308
002362.SZ,20230425,25.32,26.05,24.79,25.23,25.51,-0.28,-1.0976,182401.0,462908.51
002362.SZ,20230424,25.21,25.84,25.09,25.51,25.19,0.32,1.2703,145361.5,370016.897
002362.SZ,20230421,26.9,26.9,25.18,25.19,27.31,-2.12,-7.7627,272423.49,703421.72
002362.SZ,20230420,26.13,27.77,26.02,27.31,26.43,0.88,3.3295,277662.02,750289.416
002362.SZ,20230419,26.3,26.99,26.17,26.43,26.32,0.11,0.4179,171088.99,456164.202
002362.SZ,20230418,26.42,26.66,25.99,26.32,26.57,-0.25,-0.9409,140129.65,369375.142
002362.SZ,20230417,26.07,26.8,25.91,26.57,26.23,0.34,1.2962,160763.0,424226.78
002362.SZ,20230414,26.79,27.16,25.68,26.23,26.96,-0.73,-2.7077,229688.08,605908.543
002362.SZ,20230413,27.45,28.25,26.91,26.96,27.45,-0.49,-1.7851,224376.88,619617.156
002362.SZ,20230412,27.01,27.77,27.0,27.45,27.23,0.22,0.8079,200814.7,550635.916
002362.SZ,20230411,27.1,27.85,26.79,27.23,27.39,-0.16,-0.5842,215088.12,587625.892
002362.SZ,20230410,30.29,30.3,27.3,27.39,30.11,-2.72,-9.0335,332940.65,946212.781
002362.SZ,20230407,29.83,30.55,28.75,30.11,29.78,0.33,1.1081,280223.5,832372.515
002362.SZ,20230406,30.39,30.67,29.5,29.78,31.76,-1.98,-6.2343,337985.25,1011617.157
002362.SZ,20230404,32.84,32.84,31.2,31.76,32.88,-1.12,-3.4063,342317.64,1095420.067
002362.SZ,20230403,31.35,33.29,31.2,32.88,31.73,1.15,3.6243,387353.61,1248171.413
002362.SZ,20230331,30.42,31.8,30.42,31.73,30.66,1.07,3.4899,301797.51,945291.488
002362.SZ,20230330,31.82,32.09,30.51,30.66,32.79,-2.13,-6.4959,377397.67,1174367.747
002362.SZ,20230329,32.36,33.94,32.0,32.79,32.75,0.04,0.1221,352547.61,1163782.305
002362.SZ,20230328,34.8,35.19,32.59,32.75,35.95,-3.2,-8.9013,504804.47,1711580.11
002362.SZ,20230327,34.2,36.43,33.72,35.95,34.56,1.39,4.022,635979.2,2237082.5
002362.SZ,20230324,33.8,35.2,33.33,34.56,34.39,0.17,0.4943,654015.58,2239586.95
002362.SZ,20230323,32.4,35.73,32.04,34.39,32.48,1.91,5.8805,685994.36,2323645.341
002362.SZ,20230322,31.6,32.93,31.5,32.48,31.39,1.09,3.4724,442354.49,1425591.027
002362.SZ,20230321,30.7,31.62,30.39,31.39,31.35,0.04,0.1276,271703.16,846334.303
002362.SZ,20230320,32.03,32.84,31.08,31.35,32.02,-0.67,-2.0924,333178.19,1066311.673
002362.SZ,20230317,31.02,32.8,31.02,32.02,30.95,1.07,3.4572,406945.17,1306895.058
002362.SZ,20230316,30.95,31.69,30.69,30.95,30.96,-0.01,-0.0323,269701.27,840800.721
002362.SZ,20230315,31.65,32.17,30.91,30.96,31.4,-0.44,-1.4013,268961.22,846493.26
002362.SZ,20230314,33.65,33.97,31.13,31.4,33.67,-2.27,-6.7419,442923.29,1434328.38
002362.SZ,20230313,33.11,34.5,33.1,33.67,33.1,0.57,1.7221,343979.16,1164147.833
002362.SZ,20230310,34.0,35.27,33.06,33.1,34.48,-1.38,-4.0023,402146.59,1370485.784
002362.SZ,20230309,33.68,35.5,32.68,34.48,33.83,0.65,1.9214,536694.79,1844382.525
002362.SZ,20230308,33.8,35.09,32.68,33.83,34.75,-0.92,-2.6475,415431.76,1402279.314
002362.SZ,20230307,34.71,35.74,34.03,34.75,34.39,0.36,1.0468,400198.75,1399177.165
002362.SZ,20230306,34.15,35.2,33.55,34.39,35.2,-0.81,-2.3011,403557.98,1385164.872
002362.SZ,20230303,35.66,36.57,35.2,35.2,39.11,-3.91,-9.9974,789167.37,2810371.501
002362.SZ,20230302,35.6,40.24,35.0,39.11,36.58,2.53,6.9163,1042071.77,3964272.822
002362.SZ,20230301,32.61,36.58,32.5,36.58,33.25,3.33,10.015,749199.85,2565835.67
002362.SZ,20230228,31.7,33.37,30.0,33.25,32.1,1.15,3.5826,659870.09,2090986.89
002362.SZ,20230227,31.1,33.3,30.85,32.1,31.9,0.2,0.627,487035.61,1562666.4
002362.SZ,20230224,33.05,33.34,31.9,31.9,34.19,-2.29,-6.6979,614616.3,2001460.333
002362.SZ,20230223,38.31,38.48,34.19,34.19,37.99,-3.8,-10.0026,639031.23,2229961.743
002362.SZ,20230222,36.54,38.35,36.04,37.99,36.95,1.04,2.8146,608727.5,2276861.77
002362.SZ,20230221,38.07,39.25,35.01,36.95,38.9,-1.95,-5.0129,641156.4,2411822.987
002362.SZ,20230220,37.2,38.94,36.43,38.9,37.8,1.1,2.9101,609734.06,2304211.498
002362.SZ,20230217,35.8,38.45,35.0,37.8,36.0,1.8,5.0,699841.73,2590113.943
002362.SZ,20230216,35.0,37.38,34.3,36.0,36.25,-0.25,-0.6897,714541.5,2562096.86
002362.SZ,20230215,34.8,36.32,33.96,36.25,35.16,1.09,3.1001,723046.38,2564569.006
002362.SZ,20230214,33.7,35.68,31.92,35.16,33.99,1.17,3.4422,657215.85,2246984.941
002362.SZ,20230213,33.5,34.49,33.0,33.99,33.38,0.61,1.8274,525912.06,1778181.121
002362.SZ,20230210,34.7,35.99,32.69,33.38,35.42,-2.04,-5.7595,683873.51,2339607.056
002362.SZ,20230209,34.0,35.54,33.56,35.42,35.59,-0.17,-0.4777,578682.54,1998791.82
002362.SZ,20230208,34.2,35.89,33.71,35.59,32.63,2.96,9.0714,937692.79,3262108.721
002362.SZ,20230207,32.63,32.63,31.61,32.63,29.66,2.97,10.0135,652151.55,2109791.526
002362.SZ,20230206,29.66,29.66,29.66,29.66,26.96,2.7,10.0148,55170.64,163636.118
002362.SZ,20230203,26.96,26.96,26.96,26.96,24.51,2.45,9.9959,199331.72,537398.317
002362.SZ,20230202,24.51,24.51,24.51,24.51,22.28,2.23,10.009,48484.06,118834.431
002362.SZ,20230201,22.28,22.28,22.28,22.28,20.25,2.03,10.0247,31312.02,69763.181
002362.SZ,20230131,20.25,20.25,20.25,20.25,18.41,1.84,9.9946,28697.06,58111.547
002362.SZ,20230130,18.41,18.41,18.41,18.41,16.74,1.67,9.9761,60822.85,111974.867
002362.SZ,20230120,16.76,17.17,16.51,16.74,16.92,-0.18,-1.0638,133243.71,224278.556
002362.SZ,20230119,16.52,17.08,16.45,16.92,16.61,0.31,1.8663,86712.17,146240.228
002362.SZ,20230118,16.44,16.68,16.25,16.61,16.51,0.1,0.6057,63210.0,104527.114
002362.SZ,20230117,16.75,16.93,16.4,16.51,16.73,-0.22,-1.315,81075.0,134568.983
002362.SZ,20230116,16.7,17.0,16.69,16.73,16.8,-0.07,-0.4167,84542.92,142053.517
002362.SZ,20230113,16.97,17.07,16.6,16.8,17.13,-0.33,-1.9264,107617.38,180623.365
002362.SZ,20230112,17.39,17.44,16.82,17.13,17.65,-0.52,-2.9462,167063.16,285914.668
002362.SZ,20230111,16.88,17.89,16.88,17.65,17.18,0.47,2.7357,260653.59,455968.967
002362.SZ,20230110,16.45,17.57,16.18,17.18,16.44,0.74,4.5012,205543.0,348176.171
002362.SZ,20230109,16.54,16.61,16.32,16.44,16.5,-0.06,-0.3636,84817.7,139464.173
002362.SZ,20230106,16.67,16.86,16.41,16.5,16.82,-0.32,-1.9025,130911.0,217117.069
002362.SZ,20230105,16.91,17.35,16.51,16.82,16.75,0.07,0.4179,242080.74,409402.447
002362.SZ,20230104,16.25,16.95,16.19,16.75,16.24,0.51,3.1404,238627.63,397121.746
002362.SZ,20230103,15.51,16.38,15.41,16.24,15.53,0.71,4.5718,182501.17,292344.057
002362.SZ,20221230,15.38,15.68,15.22,15.53,15.26,0.27,1.7693,99266.0,153863.545
002362.SZ,20221229,15.58,15.77,15.26,15.26,15.49,-0.23,-1.4848,90600.0,139909.63
002362.SZ,20221228,15.98,16.0,15.41,15.49,16.01,-0.52,-3.248,125036.0,195544.82
002362.SZ,20221227,16.08,16.18,15.74,16.01,16.25,-0.24,-1.4769,119876.73,190872.06
002362.SZ,20221226,16.03,16.33,15.88,16.25,15.97,0.28,1.7533,120014.0,193865.546
002362.SZ,20221223,15.82,16.25,15.66,15.97,15.8,0.17,1.0759,141547.99,226196.979
002362.SZ,20221222,16.36,16.5,15.77,15.8,16.66,-0.86,-5.1621,190713.88,306857.641
002362.SZ,20221221,16.33,17.07,16.1,16.66,16.28,0.38,2.3342,223939.76,372111.333
002362.SZ,20221220,17.2,17.29,16.11,16.28,17.05,-0.77,-4.5161,200822.05,331583.079
002362.SZ,20221219,17.75,17.96,16.93,17.05,17.7,-0.65,-3.6723,200753.0,348326.633
002362.SZ,20221216,18.52,18.75,17.6,17.7,18.85,-1.15,-6.1008,288414.58,518071.822
002362.SZ,20221215,19.76,20.29,18.53,18.85,20.59,-1.74,-8.4507,389332.87,753535.971
002362.SZ,20221214,19.93,21.25,18.6,20.59,19.99,0.6,3.0015,521877.72,1042835.576
002362.SZ,20221213,22.7,23.35,19.99,19.99,21.27,-1.28,-6.0179,639657.87,1387820.103
002362.SZ,20221212,21.27,21.27,21.26,21.27,19.34,1.93,9.9793,132988.68,282866.775
002362.SZ,20221209,17.34,19.34,16.88,19.34,17.58,1.76,10.0114,322556.05,576449.481
002362.SZ,20221208,18.32,19.18,17.38,17.58,18.27,-0.69,-3.7767,361263.37,653053.059
002362.SZ,20221207,16.62,18.27,16.62,18.27,16.61,1.66,9.994,274063.4,495199.877
002362.SZ,20221206,18.45,19.24,16.5,16.61,17.5,-0.89,-5.0857,365080.36,654423.838
002362.SZ,20221205,16.5,17.5,16.16,17.5,15.91,1.59,9.9937,211698.41,356961.448
002362.SZ,20221202,15.45,16.19,15.38,15.91,15.57,0.34,2.1837,138807.21,221021.702
002362.SZ,20221201,15.07,15.87,15.07,15.57,15.06,0.51,3.3865,97351.01,150514.643
002362.SZ,20221130,15.15,15.41,14.99,15.06,15.15,-0.09,-0.5941,50703.0,76817.088
002362.SZ,20221129,14.81,15.29,14.72,15.15,14.81,0.34,2.2957,58317.0,88127.796
002362.SZ,20221128,14.85,15.07,14.7,14.81,15.07,-0.26,-1.7253,43325.59,64214.926
002362.SZ,20221125,14.56,15.37,14.46,15.07,14.62,0.45,3.078,78372.92,116809.318
002362.SZ,20221124,14.47,14.87,14.4,14.62,14.47,0.15,1.0366,45311.0,66240.542
002362.SZ,20221123,14.7,14.79,14.25,14.47,14.76,-0.29,-1.9648,65768.12,95178.791
002362.SZ,20221122,15.21,15.38,14.6,14.76,15.38,-0.62,-4.0312,68729.12,103007.639
002362.SZ,20221121,15.16,15.4,14.95,15.38,15.36,0.02,0.1302,78074.0,118013.759
002362.SZ,20221118,15.83,15.95,15.16,15.36,15.96,-0.6,-3.7594,93906.0,146819.289
002362.SZ,20221117,15.81,16.0,15.5,15.96,15.7,0.26,1.6561,85596.05,135317.55
002362.SZ,20221116,16.15,16.38,15.68,15.7,16.27,-0.57,-3.5034,116876.31,186549.446
002362.SZ,20221115,16.21,16.45,15.88,16.27,16.58,-0.31,-1.8697,157325.75,254402.435
002362.SZ,20221114,15.87,16.88,15.54,16.58,15.84,0.74,4.6717,258848.27,421714.842
002362.SZ,20221111,15.61,16.78,15.13,15.84,15.25,0.59,3.8689,257135.01,410774.545
002362.SZ,20221110,15.15,15.6,15.03,15.25,15.21,0.04,0.263,75844.32,115950.832
002362.SZ,20221109,15.58,15.6,15.15,15.21,15.72,-0.51,-3.2443,86324.86,132227.548
002362.SZ,20221108,15.36,15.75,14.93,15.72,15.36,0.36,2.3438,133164.03,205727.409
002362.SZ,20221107,15.4,15.97,15.22,15.36,15.5,-0.14,-0.9032,103298.91,159698.186
002362.SZ,20221104,15.4,15.57,15.14,15.5,15.48,0.02,0.1292,110341.28,169804.236
002362.SZ,20221103,15.33,15.48,14.96,15.48,15.66,-0.18,-1.1494,119952.8,183099.726
002362.SZ,20221102,15.46,15.72,15.32,15.66,15.41,0.25,1.6223,194016.16,301686.39
002362.SZ,20221101,15.92,16.2,15.11,15.41,15.66,-0.25,-1.5964,237995.18,368427.41
002362.SZ,20221031,14.28,15.66,14.25,15.66,14.24,1.42,9.9719,93263.34,143837.515
002362.SZ,20221028,14.67,15.17,14.01,14.24,14.85,-0.61,-4.1077,140727.16,203917.346
002362.SZ,20221027,16.0,16.02,14.85,14.85,15.14,-0.29,-1.9155,244367.32,376409.779
002362.SZ,20221026,13.82,15.14,13.82,15.14,13.76,1.38,10.0291,133281.0,196919.663
002362.SZ,20221025,14.02,14.11,13.58,13.76,14.2,-0.44,-3.0986,60400.01,83569.376
002362.SZ,20221024,14.45,14.74,14.11,14.2,14.6,-0.4,-2.7397,75098.16,108226.074
002362.SZ,20221021,14.7,14.99,14.15,14.6,15.17,-0.57,-3.7574,128510.83,187301.051
002362.SZ,20221020,14.35,15.66,14.35,15.17,14.58,0.59,4.0466,177341.4,266500.538
002362.SZ,20221019,14.27,14.89,14.04,14.58,14.2,0.38,2.6761,120397.05,174139.864
002362.SZ,20221018,14.32,14.5,14.06,14.2,14.47,-0.27,-1.8659,107312.03,152798.619
002362.SZ,20221017,14.79,15.05,14.4,14.47,14.36,0.11,0.766,183120.86,268806.567
002362.SZ,20221014,12.96,14.36,12.9,14.36,13.05,1.31,10.0383,118229.02,166030.014
002362.SZ,20221013,12.68,13.08,12.58,13.05,12.67,0.38,2.9992,31276.01,40544.243
002362.SZ,20221012,12.13,12.69,12.08,12.67,12.16,0.51,4.1941,25248.0,31386.143
002362.SZ,20221011,12.04,12.24,11.96,12.16,12.04,0.12,0.9967,12412.0,15020.517
002362.SZ,20221010,12.43,12.51,12.01,12.04,12.35,-0.31,-2.5101,15351.0,18688.15
002362.SZ,20220930,12.35,12.49,12.31,12.35,12.35,0.0,0.0,13665.0,16934.017
002362.SZ,20220929,12.8,12.85,12.25,12.35,12.65,-0.3,-2.3715,22002.01,27527.252
002362.SZ,20220928,13.0,13.07,12.62,12.65,13.02,-0.37,-2.8418,17558.0,22521.054
002362.SZ,20220927,12.9,13.02,12.74,13.02,12.7,0.32,2.5197,19292.0,24890.689
002362.SZ,20220926,13.08,13.09,12.68,12.7,13.09,-0.39,-2.9794,24085.01,30960.526
002362.SZ,20220923,13.48,13.59,12.98,13.09,13.44,-0.35,-2.6042,26275.0,34665.601
002362.SZ,20220922,13.4,13.67,13.35,13.44,13.5,-0.06,-0.4444,22753.0,30767.877
002362.SZ,20220921,13.49,13.55,12.14,13.5,13.49,0.01,0.0741,30563.0,40620.255
002362.SZ,20220920,13.12,13.58,13.08,13.49,12.94,0.55,4.2504,40107.0,53638.342
002362.SZ,20220919,13.36,13.4,12.86,12.94,13.32,-0.38,-2.8529,37041.0,48394.95
002362.SZ,20220916,13.53,13.87,13.32,13.32,13.57,-0.25,-1.8423,39626.02,54063.693
002362.SZ,20220915,13.94,14.03,13.5,13.57,13.94,-0.37,-2.6542,35285.0,48379.542
002362.SZ,20220914,13.81,13.98,13.75,13.94,14.17,-0.23,-1.6231,32309.02,44837.072
002362.SZ,20220913,13.91,14.27,13.91,14.17,13.93,0.24,1.7229,35740.02,50439.703
002362.SZ,20220909,13.9,14.15,13.72,13.93,14.06,-0.13,-0.9246,39914.98,55512.891
002362.SZ,20220908,13.78,14.48,13.55,14.06,13.72,0.34,2.4781,72533.14,102384.298
002362.SZ,20220907,13.55,13.74,13.49,13.72,13.62,0.1,0.7342,30578.24,41775.451
002362.SZ,20220906,13.46,13.63,13.37,13.62,13.47,0.15,1.1136,26184.0,35335.208
002362.SZ,20220905,13.62,13.74,13.38,13.47,13.63,-0.16,-1.1739,27128.0,36662.99
002362.SZ,20220902,13.35,13.67,13.35,13.63,13.35,0.28,2.0974,31364.04,42540.962
002362.SZ,20220901,13.32,13.59,13.3,13.35,13.4,-0.05,-0.3731,25763.05,34645.759
002362.SZ,20220831,13.64,13.64,13.34,13.4,13.68,-0.28,-2.0468,30116.0,40550.252
002362.SZ,20220830,13.66,13.85,13.47,13.68,13.67,0.01,0.0732,33210.0,45358.153
002362.SZ,20220829,13.42,13.75,13.26,13.67,13.66,0.01,0.0732,32042.0,43639.282
002362.SZ,20220826,13.9,13.98,13.63,13.66,13.82,-0.16,-1.1577,43057.0,59454.333
002362.SZ,20220825,14.31,14.31,13.7,13.82,14.18,-0.36,-2.5388,63240.97,87850.872
002362.SZ,20220824,14.91,14.96,14.16,14.18,15.04,-0.86,-5.7181,94338.04,136817.99
002362.SZ,20220823,15.25,15.42,14.96,15.04,15.35,-0.31,-2.0195,62056.04,93615.818
002362.SZ,20220822,15.16,15.45,14.91,15.35,15.18,0.17,1.1199,54822.83,83814.671
002362.SZ,20220819,15.73,15.88,15.16,15.18,15.88,-0.7,-4.4081,111066.0,171169.634
002362.SZ,20220818,15.94,15.99,15.66,15.88,15.94,-0.06,-0.3764,78246.98,123684.695
002362.SZ,20220817,15.94,16.11,15.65,15.94,16.04,-0.1,-0.6234,84302.0,133429.944
002362.SZ,20220816,16.22,16.22,15.8,16.04,16.2,-0.16,-0.9877,113439.52,180871.24
002362.SZ,20220815,15.63,16.42,15.58,16.2,15.95,0.25,1.5674,145242.08,233337.545
002362.SZ,20220812,15.41,16.18,15.37,15.95,15.36,0.59,3.8411,180024.65,285453.7
002362.SZ,20220811,15.31,15.67,15.3,15.36,15.29,0.07,0.4578,122993.93,189811.286
002362.SZ,20220810,15.19,15.36,14.92,15.29,15.17,0.12,0.791,94597.87,143642.101
002362.SZ,20220809,15.28,15.41,15.1,15.17,15.4,-0.23,-1.4935,86029.04,130791.156
002362.SZ,20220808,15.22,15.5,15.1,15.4,15.18,0.22,1.4493,118447.53,181594.139
002362.SZ,20220805,15.26,15.33,14.91,15.18,15.35,-0.17,-1.1075,130055.67,196590.582
002362.SZ,20220804,14.88,15.38,14.72,15.35,14.82,0.53,3.5762,162818.3,244813.772
002362.SZ,20220803,14.95,15.57,14.71,14.82,15.27,-0.45,-2.947,219637.58,332354.132
002362.SZ,20220802,15.96,16.33,15.27,15.27,16.97,-1.7,-10.0177,348369.44,542349.634
002362.SZ,20220801,19.9,19.9,16.97,16.97,18.85,-1.88,-9.9735,501357.94,890214.155
002362.SZ,20220729,17.6,18.85,17.14,18.85,17.14,1.71,9.9767,453339.4,836215.416
002362.SZ,20220728,16.1,17.14,16.09,17.14,15.58,1.56,10.0128,298358.62,500984.766
002362.SZ,20220727,14.1,15.58,14.01,15.58,14.16,1.42,10.0282,148416.0,224609.521
002362.SZ,20220726,14.0,14.16,13.89,14.16,14.02,0.14,0.9986,30159.35,42438.593
002362.SZ,20220725,14.34,14.42,13.93,14.02,14.21,-0.19,-1.3371,37495.46,53053.501
002362.SZ,20220722,14.5,14.62,14.02,14.21,14.37,-0.16,-1.1134,52677.7,75114.687
002362.SZ,20220721,14.5,14.74,14.3,14.37,14.54,-0.17,-1.1692,71450.05,103609.443
002362.SZ,20220720,14.38,14.97,14.32,14.54,14.52,0.02,0.1377,90955.06,132578.278
002362.SZ,20220719,13.85,14.55,13.8,14.52,13.83,0.69,4.9892,87159.36,124244.052
002362.SZ,20220718,13.54,13.94,13.52,13.83,13.68,0.15,1.0965,38224.02,52727.748
002362.SZ,20220715,14.15,14.29,13.6,13.68,14.58,-0.9,-6.1728,76629.3,106955.633
002362.SZ,20220714,14.18,14.79,14.04,14.58,14.29,0.29,2.0294,76314.21,110140.132
002362.SZ,20220713,14.21,14.46,14.17,14.29,14.4,-0.11,-0.7639,61365.07,87760.858
002362.SZ,20220712,14.55,14.71,14.2,14.4,14.98,-0.58,-3.8718,92190.01,133060.848
002362.SZ,20220711,14.56,15.27,14.19,14.98,14.83,0.15,1.0115,155096.81,226999.953
002362.SZ,20220708,15.7,15.92,14.74,14.83,16.38,-1.55,-9.4628,256459.4,390015.107
002362.SZ,20220707,16.38,16.38,16.0,16.38,14.89,1.49,10.0067,162746.09,266460.224
002362.SZ,20220706,13.49,14.89,13.39,14.89,13.54,1.35,9.9705,131682.28,192242.523
002362.SZ,20220705,13.9,13.9,13.31,13.54,13.92,-0.38,-2.7299,30857.0,41888.501
002362.SZ,20220704,13.82,13.92,13.67,13.92,13.79,0.13,0.9427,22656.14,31256.729
002362.SZ,20220701,13.86,13.98,13.7,13.79,13.82,-0.03,-0.2171,23547.32,32501.175
002362.SZ,20220630,13.91,14.04,13.79,13.82,13.96,-0.14,-1.0029,33875.31,47178.478
002362.SZ,20220629,14.33,14.54,13.87,13.96,14.3,-0.34,-2.3776,48479.59,68545.143
002362.SZ,20220628,13.53,14.88,13.41,14.3,13.53,0.77,5.6911,71230.14,101503.394
002362.SZ,20220627,13.59,13.7,13.44,13.53,13.59,-0.06,-0.4415,21704.0,29404.5
002362.SZ,20220624,13.69,13.9,13.51,13.59,13.49,0.1,0.7413,29164.0,39864.161
002362.SZ,20220623,13.25,13.53,13.25,13.49,13.22,0.27,2.0424,28382.01,38075.151
002362.SZ,20220622,13.74,13.88,13.22,13.22,13.74,-0.52,-3.7846,52588.9,70969.174
002362.SZ,20220621,14.0,14.55,13.58,13.74,14.0,-0.26,-1.8571,92131.73,128752.411
002362.SZ,20220620,13.17,14.52,13.11,14.0,13.2,0.8,6.0606,97553.54,135928.795
002362.SZ,20220617,13.28,13.3,12.98,13.2,13.3,-0.1,-0.7519,18304.0,24056.984
002362.SZ,20220616,13.18,13.38,13.16,13.3,13.11,0.19,1.4493,19921.01,26475.556
002362.SZ,20220615,13.08,13.36,13.0,13.11,13.07,0.04,0.306,23029.28,30464.205
002362.SZ,20220614,13.0,13.1,12.7,13.07,13.14,-0.07,-0.5327,20917.02,26947.721
002362.SZ,20220613,13.01,13.17,12.98,13.14,13.07,0.07,0.5356,17949.05,23486.75
002362.SZ,20220610,13.0,13.17,12.9,13.07,13.01,0.06,0.4612,16032.01,20952.748
002362.SZ,20220609,13.24,13.28,12.92,13.01,13.26,-0.25,-1.8854,17667.0,23130.741
002362.SZ,20220608,13.45,13.51,13.08,13.26,13.37,-0.11,-0.8227,18555.19,24579.595
002362.SZ,20220607,13.5,13.56,13.2,13.37,13.46,-0.09,-0.6686,23351.05,31148.907
002362.SZ,20220606,13.21,13.58,13.15,13.46,13.41,0.05,0.3729,33264.25,44485.266
002362.SZ,20220602,12.95,13.63,12.81,13.41,12.93,0.48,3.7123,39738.01,52390.105
002362.SZ,20220601,12.75,13.07,12.71,12.93,12.78,0.15,1.1737,21830.06,28211.609
002362.SZ,20220531,12.68,12.82,12.47,12.78,12.67,0.11,0.8682,19126.23,24241.008
002362.SZ,20220530,12.57,12.7,12.41,12.67,12.6,0.07,0.5556,23185.12,29156.994
002362.SZ,20220527,12.36,12.89,12.25,12.6,12.33,0.27,2.1898,33121.27,41768.724
002362.SZ,20220526,12.27,12.4,12.05,12.33,12.27,0.06,0.489,17569.37,21491.956
002362.SZ,20220525,11.99,12.28,11.99,12.27,12.11,0.16,1.3212,12617.79,15397.988
002362.SZ,20220524,12.73,12.78,12.11,12.11,12.75,-0.64,-5.0196,25467.02,31658.034
002362.SZ,20220523,12.49,12.85,12.45,12.75,12.42,0.33,2.657,27244.85,34617.282
002362.SZ,20220520,12.56,12.56,12.25,12.42,12.22,0.2,1.6367,18417.19,22807.785
002362.SZ,20220519,12.27,12.27,12.1,12.22,12.35,-0.13,-1.0526,17831.9,21710.083
002362.SZ,20220518,12.35,12.6,12.32,12.35,12.16,0.19,1.5625,22225.01,27623.334
002362.SZ,20220517,12.27,12.27,12.0,12.16,12.22,-0.06,-0.491,14388.0,17445.72
002362.SZ,20220516,12.29,12.39,12.11,12.22,12.27,-0.05,-0.4075,15934.01,19456.756
002362.SZ,20220513,12.35,12.35,12.16,12.27,12.28,-0.01,-0.0814,15247.0,18691.042
002362.SZ,20220512,12.1,12.35,12.06,12.28,12.19,0.09,0.7383,16233.02,19884.529
002362.SZ,20220511,12.34,12.6,12.16,12.19,12.37,-0.18,-1.4551,33328.79,41408.516
002362.SZ,20220510,11.89,12.64,11.85,12.37,12.06,0.31,2.5705,30192.0,37213.273
002362.SZ,20220509,11.87,12.14,11.77,12.06,11.83,0.23,1.9442,15082.1,18181.305
002362.SZ,20220506,11.8,12.03,11.61,11.83,12.01,-0.18,-1.4988,21330.0,25224.498
002362.SZ,20220505,12.03,12.2,11.72,12.01,12.27,-0.26,-2.119,28584.1,34402.154
002362.SZ,20220429,11.84,12.35,11.84,12.27,11.78,0.49,4.1596,20752.0,25295.509
002362.SZ,20220428,12.1,12.1,11.6,11.78,12.13,-0.35,-2.8854,17335.0,20531.554
002362.SZ,20220427,11.62,12.15,11.41,12.13,11.83,0.3,2.5359,21832.78,25791.216
002362.SZ,20220426,12.22,12.4,11.77,11.83,12.2,-0.37,-3.0328,27378.0,33180.441
002362.SZ,20220425,13.17,13.17,12.12,12.2,13.25,-1.05,-7.9245,26760.01,33633.283
002362.SZ,20220422,13.51,13.61,13.25,13.25,13.69,-0.44,-3.214,15822.0,21175.704
002362.SZ,20220421,13.76,14.0,13.49,13.69,13.97,-0.28,-2.0043,20313.15,27844.324
002362.SZ,20220420,14.22,14.49,13.86,13.97,14.01,-0.04,-0.2855,17906.18,25306.789
002362.SZ,20220419,14.0,14.11,13.85,14.01,13.99,0.02,0.143,8472.15,11847.706
002362.SZ,20220418,13.89,13.99,13.5,13.99,13.9,0.09,0.6475,14174.62,19563.669
002362.SZ,20220415,14.21,14.22,13.87,13.9,14.18,-0.28,-1.9746,14871.0,20804.144
002362.SZ,20220414,14.08,14.27,14.07,14.18,14.08,0.1,0.7102,12330.5,17482.372
002362.SZ,20220413,14.3,14.35,14.08,14.08,14.36,-0.28,-1.9499,14164.14,20113.818
002362.SZ,20220412,14.05,14.41,14.05,14.36,14.15,0.21,1.4841,17675.19,25131.774
002362.SZ,20220411,14.08,14.39,13.95,14.15,14.16,-0.01,-0.0706,24174.14,34087.404
002362.SZ,20220408,14.39,14.44,14.01,14.16,14.31,-0.15,-1.0482,20612.01,29142.349
002362.SZ,20220407,14.88,14.94,14.31,14.31,15.0,-0.69,-4.6,41793.0,60754.876
002362.SZ,20220406,14.98,15.08,14.81,15.0,14.92,0.08,0.5362,25138.0,37714.544
002362.SZ,20220401,15.2,15.2,14.86,14.92,15.05,-0.13,-0.8638,22819.2,34036.165
002362.SZ,20220331,14.93,15.12,14.88,15.05,15.03,0.02,0.1331,23173.02,34755.161
002362.SZ,20220330,15.0,15.08,14.85,15.03,14.89,0.14,0.9402,17736.21,26555.204
002362.SZ,20220329,15.2,15.25,14.84,14.89,15.12,-0.23,-1.5212,21344.17,31962.001
002362.SZ,20220328,15.06,15.35,14.84,15.12,15.26,-0.14,-0.9174,29989.01,45257.46
002362.SZ,20220325,15.36,15.55,15.2,15.26,15.25,0.01,0.0656,32996.36,50731.071
002362.SZ,20220324,15.75,15.75,15.23,15.25,15.7,-0.45,-2.8662,35480.02,54586.796
002362.SZ,20220323,15.73,15.91,15.62,15.7,15.81,-0.11,-0.6958,32391.0,50917.496
002362.SZ,20220322,15.83,15.96,15.66,15.81,15.94,-0.13,-0.8156,40291.29,63761.435
002362.SZ,20220321,15.55,16.13,15.5,15.94,15.85,0.09,0.5678,69086.47,109448.547
002362.SZ,20220318,16.1,16.44,15.78,15.85,16.01,-0.16,-0.9994,112308.87,180513.222
002362.SZ,20220317,14.67,16.01,14.67,16.01,14.55,1.46,10.0344,59715.01,92607.156
002362.SZ,20220316,14.36,14.55,13.9,14.55,14.17,0.38,2.6817,30929.83,44175.089
002362.SZ,20220315,14.4,14.78,14.14,14.17,14.5,-0.33,-2.2759,34015.28,49306.329
002362.SZ,20220314,14.66,14.9,14.5,14.5,14.77,-0.27,-1.828,22179.83,32613.194
002362.SZ,20220311,14.42,14.78,14.15,14.77,14.62,0.15,1.026,19189.04,27768.938
002362.SZ,20220310,14.65,14.81,14.55,14.62,14.36,0.26,1.8106,20185.88,29653.704
002362.SZ,20220309,14.85,14.9,13.81,14.36,14.83,-0.47,-3.1693,33801.62,48585.933
002362.SZ,20220308,15.38,15.38,14.76,14.83,15.24,-0.41,-2.6903,25735.9,38605.069
002362.SZ,20220307,15.5,15.5,15.19,15.24,15.51,-0.27,-1.7408,20945.0,32082.709
002362.SZ,20220304,15.7,15.77,15.47,15.51,15.71,-0.2,-1.2731,17056.0,26625.828
002362.SZ,20220303,15.88,15.95,15.65,15.71,15.86,-0.15,-0.9458,18504.01,29151.893
002362.SZ,20220302,15.68,15.9,15.62,15.86,15.73,0.13,0.8264,18198.47,28707.191
002362.SZ,20220301,15.61,15.86,15.61,15.73,15.61,0.12,0.7687,14802.01,23289.615
002362.SZ,20220228,15.65,15.85,15.34,15.61,15.8,-0.19,-1.2025,22933.0,35608.734
002362.SZ,20220225,15.83,15.94,15.73,15.8,15.74,0.06,0.3812,22957.47,36378.258
002362.SZ,20220224,16.21,16.33,15.55,15.74,16.37,-0.63,-3.8485,42157.01,67065.188
002362.SZ,20220223,16.35,16.45,16.16,16.37,16.18,0.19,1.1743,24675.78,40358.596
002362.SZ,20220222,16.38,16.45,16.13,16.18,16.49,-0.31,-1.8799,27292.0,44314.689
002362.SZ,20220221,16.0,16.5,15.98,16.49,16.04,0.45,2.8055,36673.0,60061.573
002362.SZ,20220218,15.87,16.07,15.7,16.04,15.87,0.17,1.0712,21076.0,33547.803
002362.SZ,20220217,15.95,16.1,15.8,15.87,16.06,-0.19,-1.1831,25125.0,40021.868
002362.SZ,20220216,16.22,16.24,16.02,16.06,15.97,0.09,0.5636,15838.0,25522.926
002362.SZ,20220215,16.13,16.21,15.78,15.97,16.12,-0.15,-0.9305,19830.0,31658.277
002362.SZ,20220214,16.06,16.18,15.89,16.12,16.08,0.04,0.2488,17053.35,27408.545
002362.SZ,20220211,16.3,16.48,16.05,16.08,16.46,-0.38,-2.3086,24594.0,39821.158
002362.SZ,20220210,16.69,16.69,16.28,16.46,16.62,-0.16,-0.9627,24844.01,40749.279
002362.SZ,20220209,16.09,16.64,16.04,16.62,16.16,0.46,2.8465,33130.89,54366.196
002362.SZ,20220208,15.87,16.16,15.63,16.16,15.75,0.41,2.6032,28939.89,46115.671
002362.SZ,20220207,15.93,16.0,15.65,15.75,15.62,0.13,0.8323,27786.0,43949.38
002362.SZ,20220128,15.53,15.77,15.26,15.62,15.48,0.14,0.9044,35040.0,54531.355
002362.SZ,20220127,16.41,16.48,15.41,15.48,16.41,-0.93,-5.6673,39442.0,62091.614
002362.SZ,20220126,16.3,16.6,16.12,16.41,16.12,0.29,1.799,26930.0,44068.437
002362.SZ,20220125,17.27,17.4,16.1,16.12,17.29,-1.17,-6.7669,56761.0,94087.736
002362.SZ,20220124,17.32,17.87,17.18,17.29,17.52,-0.23,-1.3128,37160.79,64917.254
002362.SZ,20220121,17.39,17.95,17.39,17.52,17.39,0.13,0.7476,39265.1,69381.209
002362.SZ,20220120,17.95,18.12,17.33,17.39,18.1,-0.71,-3.9227,57802.77,101807.79
002362.SZ,20220119,17.8,18.16,17.71,18.1,17.92,0.18,1.0045,37890.03,68219.58
002362.SZ,20220118,18.08,18.66,17.92,17.92,18.24,-0.32,-1.7544,72411.14,132051.562
002362.SZ,20220117,17.73,18.28,17.68,18.24,17.63,0.61,3.46,67406.72,122215.336
002362.SZ,20220114,17.65,18.04,17.46,17.63,17.69,-0.06,-0.3392,45439.94,80767.178
002362.SZ,20220113,17.99,18.05,17.63,17.69,17.83,-0.14,-0.7852,40397.01,71993.651
002362.SZ,20220112,17.71,18.2,17.7,17.83,17.65,0.18,1.0198,45968.83,82340.735
002362.SZ,20220111,18.04,18.35,17.61,17.65,18.07,-0.42,-2.3243,59856.18,107249.983
002362.SZ,20220110,18.0,18.31,17.45,18.07,18.33,-0.26,-1.4184,81315.12,146229.371
002362.SZ,20220107,17.81,18.47,17.61,18.33,17.74,0.59,3.3258,102744.49,185786.142
002362.SZ,20220106,17.6,17.92,17.47,17.74,17.68,0.06,0.3394,42925.57,76295.663
002362.SZ,20220105,17.89,18.38,17.53,17.68,17.98,-0.3,-1.6685,67290.15,120251.85
002362.SZ,20220104,17.94,18.29,17.61,17.98,17.23,0.75,4.3529,87573.21,157099.033
002362.SZ,20211231,17.27,17.43,17.06,17.23,17.16,0.07,0.4079,40864.98,70576.842
002362.SZ,20211230,16.83,17.2,16.8,17.16,16.89,0.27,1.5986,32107.06,54907.092
002362.SZ,20211229,16.98,17.01,16.74,16.89,17.0,-0.11,-0.6471,26503.14,44651.161
002362.SZ,20211228,16.68,17.15,16.61,17.0,16.68,0.32,1.9185,33338.38,56598.147
002362.SZ,20211227,16.55,16.75,16.41,16.68,16.56,0.12,0.7246,19610.74,32598.785
002362.SZ,20211224,16.77,16.94,16.51,16.56,16.77,-0.21,-1.2522,30252.0,50414.13
002362.SZ,20211223,17.15,17.2,16.75,16.77,17.13,-0.36,-2.1016,36218.02,61327.991
002362.SZ,20211222,17.03,17.6,16.87,17.13,17.17,-0.04,-0.233,48402.05,83108.05
002362.SZ,20211221,16.56,17.85,16.4,17.17,16.45,0.72,4.3769,68680.27,118416.247
002362.SZ,20211220,16.73,16.82,16.45,16.45,16.78,-0.33,-1.9666,26114.05,43397.278
002362.SZ,20211217,16.67,16.98,16.63,16.78,16.7,0.08,0.479,34403.0,57774.564
002362.SZ,20211216,16.67,16.83,16.51,16.7,16.59,0.11,0.6631,26970.0,44997.664
002362.SZ,20211215,16.65,16.9,16.55,16.59,16.78,-0.19,-1.1323,33675.39,56268.39
002362.SZ,20211214,16.07,17.17,16.0,16.78,16.12,0.66,4.0943,86862.14,145161.672
002362.SZ,20211213,15.86,16.18,15.82,16.12,15.86,0.26,1.6393,20498.72,32834.97
002362.SZ,20211210,15.86,15.89,15.73,15.86,15.86,0.0,0.0,11519.37,18220.854
002362.SZ,20211209,15.88,15.95,15.78,15.86,15.89,-0.03,-0.1888,13807.94,21916.38
002362.SZ,20211208,15.59,15.94,15.55,15.89,15.62,0.27,1.7286,20287.93,32043.717
002362.SZ,20211207,15.82,15.93,15.53,15.62,15.79,-0.17,-1.0766,21469.01,33620.371
002362.SZ,20211206,16.23,16.23,15.79,15.79,16.23,-0.44,-2.711,29746.0,47336.354
002362.SZ,20211203,16.25,16.39,16.18,16.23,16.17,0.06,0.3711,13678.1,22234.178
002362.SZ,20211202,16.59,16.59,16.16,16.17,16.55,-0.38,-2.2961,24851.01,40572.295
002362.SZ,20211201,16.44,16.63,16.41,16.55,16.45,0.1,0.6079,31169.73,51532.461
002362.SZ,20211130,15.92,16.69,15.87,16.45,15.87,0.58,3.6547,50127.97,82293.83
002362.SZ,20211129,15.8,15.99,15.71,15.87,16.11,-0.24,-1.4898,16018.48,25413.893
002362.SZ,20211126,16.21,16.36,15.8,16.11,16.3,-0.19,-1.1656,30392.26,48699.971
002362.SZ,20211125,16.3,16.46,16.19,16.3,16.21,0.09,0.5552,20922.0,34155.922
002362.SZ,20211124,16.34,16.4,16.1,16.21,16.33,-0.12,-0.7348,18528.01,30063.685
002362.SZ,20211123,16.3,16.48,16.22,16.33,16.31,0.02,0.1226,17293.0,28269.26
002362.SZ,20211122,16.31,16.45,16.13,16.31,16.31,0.0,0.0,18936.2,30832.029
002362.SZ,20211119,16.23,16.36,16.13,16.31,16.23,0.08,0.4929,22437.86,36504.326
002362.SZ,20211118,16.35,16.45,16.1,16.23,16.34,-0.11,-0.6732,23391.79,38026.549
002362.SZ,20211117,16.32,16.43,16.07,16.34,16.3,0.04,0.2454,20429.04,33174.686
002362.SZ,20211116,16.29,16.36,16.15,16.3,16.29,0.01,0.0614,19535.96,31814.717
002362.SZ,20211115,15.96,16.33,15.92,16.29,16.0,0.29,1.8125,27168.24,44063.808
002362.SZ,20211112,16.1,16.1,15.88,16.0,15.97,0.03,0.1879,15607.83,24964.439
002362.SZ,20211111,15.9,16.04,15.78,15.97,15.91,0.06,0.3771,18766.12,29872.897
002362.SZ,20211110,15.82,16.09,15.75,15.91,15.81,0.1,0.6325,18421.03,29332.749
002362.SZ,20211109,15.61,15.99,15.55,15.81,15.62,0.19,1.2164,18744.0,29610.739
002362.SZ,20211108,15.61,15.7,15.4,15.62,15.76,-0.14,-0.8883,20298.0,31551.525
002362.SZ,20211105,15.38,16.12,15.31,15.76,15.38,0.38,2.4707,38781.22,61042.978
002362.SZ,20211104,15.16,15.4,15.15,15.38,15.15,0.23,1.5182,20339.02,31180.547
002362.SZ,20211103,15.02,15.27,15.0,15.15,15.0,0.15,1.0,11929.0,18028.728
002362.SZ,20211102,15.39,15.55,14.88,15.0,15.48,-0.48,-3.1008,26059.0,39485.523
002362.SZ,20211101,15.26,15.54,14.88,15.48,15.47,0.01,0.0646,29137.32,44357.71
002362.SZ,20211029,15.37,15.6,15.35,15.47,15.38,0.09,0.5852,17299.0,26767.984
002362.SZ,20211028,15.91,16.02,15.33,15.38,15.9,-0.52,-3.2704,22338.0,34705.747
002362.SZ,20211027,16.39,16.39,15.89,15.9,16.4,-0.5,-3.0488,19261.0,30947.518
002362.SZ,20211026,16.39,16.53,16.35,16.4,16.38,0.02,0.1221,9376.0,15382.154
002362.SZ,20211025,16.45,16.45,16.21,16.38,16.43,-0.05,-0.3043,7492.0,12252.58
002362.SZ,20211022,16.53,16.57,16.37,16.43,16.53,-0.1,-0.605,8196.41,13461.384
002362.SZ,20211021,16.7,16.78,16.53,16.53,16.75,-0.22,-1.3134,13281.0,22085.007
002362.SZ,20211020,16.55,16.91,16.51,16.75,16.51,0.24,1.4537,21658.35,36265.854
002362.SZ,20211019,16.53,16.62,16.45,16.51,16.43,0.08,0.4869,10969.0,18141.362
002362.SZ,20211018,16.56,16.56,16.38,16.43,16.55,-0.12,-0.7251,10041.83,16494.064
002362.SZ,20211015,16.58,16.66,16.47,16.55,16.57,-0.02,-0.1207,8961.0,14860.875
002362.SZ,20211014,16.68,16.68,16.54,16.57,16.58,-0.01,-0.0603,8754.07,14514.111
002362.SZ,20211013,16.53,16.75,16.52,16.58,16.54,0.04,0.2418,12213.83,20273.993
002362.SZ,20211012,16.86,16.86,16.44,16.54,16.86,-0.32,-1.898,14396.02,23891.928
002362.SZ,20211011,16.87,16.94,16.83,16.86,16.87,-0.01,-0.0593,10383.02,17516.304
002362.SZ,20211008,16.65,17.05,16.65,16.87,16.58,0.29,1.7491,17341.89,29266.915
002362.SZ,20210930,16.27,16.61,16.27,16.58,16.27,0.31,1.9053,8071.13,13298.493
002362.SZ,20210929,16.54,16.57,16.2,16.27,16.67,-0.4,-2.3995,15040.77,24622.238
002362.SZ,20210928,16.59,16.7,16.5,16.67,16.59,0.08,0.4822,12168.0,20212.751
002362.SZ,20210927,16.76,16.95,16.54,16.59,16.75,-0.16,-0.9552,20377.5,34009.998
002362.SZ,20210924,17.02,17.13,16.7,16.75,17.04,-0.29,-1.7019,23105.83,39020.143
002362.SZ,20210923,16.82,17.21,16.78,17.04,16.84,0.2,1.1876,21248.12,36164.074
002362.SZ,20210922,16.77,16.89,16.68,16.84,16.98,-0.14,-0.8245,18411.34,30868.083
002362.SZ,20210917,17.03,17.1,16.78,16.98,17.0,-0.02,-0.1176,19094.75,32269.495
002362.SZ,20210916,17.1,17.37,16.95,17.0,17.18,-0.18,-1.0477,22160.66,38005.575
002362.SZ,20210915,17.11,17.19,17.0,17.18,17.16,0.02,0.1166,22287.5,38055.243
002362.SZ,20210914,17.25,17.39,17.07,17.16,17.22,-0.06,-0.3484,24252.06,41859.027
002362.SZ,20210913,17.25,17.3,17.11,17.22,17.24,-0.02,-0.116,16014.33,27560.149
002362.SZ,20210910,17.37,17.45,17.19,17.24,17.39,-0.15,-0.8626,20996.75,36326.367
002362.SZ,20210909,17.55,17.63,17.3,17.39,17.6,-0.21,-1.1932,27013.93,47072.343
002362.SZ,20210908,17.34,17.69,17.28,17.6,17.3,0.3,1.7341,34532.98,60350.28
002362.SZ,20210907,17.3,17.45,17.26,17.3,17.35,-0.05,-0.2882,27197.79,47125.519
002362.SZ,20210906,17.32,17.42,17.05,17.35,17.23,0.12,0.6965,23778.03,41062.8
002362.SZ,20210903,17.17,17.37,17.04,17.23,16.98,0.25,1.4723,31841.08,54785.567
002362.SZ,20210902,17.03,17.05,16.8,16.98,17.03,-0.05,-0.2936,20339.84,34439.262
002362.SZ,20210901,16.93,17.14,16.69,17.03,16.93,0.1,0.5907,29315.88,49499.97
002362.SZ,20210831,17.31,17.33,16.68,16.93,17.36,-0.43,-2.477,57788.75,97371.061
002362.SZ,20210830,17.68,17.7,17.27,17.36,17.89,-0.53,-2.9625,51357.04,89482.108
002362.SZ,20210827,18.11,18.11,17.8,17.89,18.12,-0.23,-1.2693,22388.52,40092.307
002362.SZ,20210826,17.96,18.24,17.79,18.12,18.01,0.11,0.6108,30460.1,55176.039
002362.SZ,20210825,17.97,18.22,17.96,18.01,17.97,0.04,0.2226,21360.6,38566.135
002362.SZ,20210824,17.82,18.05,17.66,17.97,17.79,0.18,1.0118,23834.52,42647.384
002362.SZ,20210823,17.27,17.88,17.26,17.79,17.25,0.54,3.1304,24077.11,42550.006
002362.SZ,20210820,17.42,17.42,17.06,17.25,17.48,-0.23,-1.3158,23528.11,40448.141
002362.SZ,20210819,17.41,17.65,17.4,17.48,17.57,-0.09,-0.5122,17755.79,31134.057
002362.SZ,20210818,17.4,17.64,17.3,17.57,17.47,0.1,0.5724,18065.89,31538.244
002362.SZ,20210817,18.0,18.07,17.42,17.47,18.0,-0.53,-2.9444,25738.01,45678.465
002362.SZ,20210816,18.11,18.25,17.94,18.0,18.14,-0.14,-0.7718,19665.98,35528.719
002362.SZ,20210813,18.32,18.32,18.05,18.14,18.34,-0.2,-1.0905,28348.73,51436.217
002362.SZ,20210812,17.75,18.48,17.73,18.34,17.8,0.54,3.0337,50429.73,91699.27
002362.SZ,20210811,18.19,18.2,17.71,17.8,18.06,-0.26,-1.4396,40928.72,73104.592
002362.SZ,20210810,17.66,18.12,17.59,18.06,17.69,0.37,2.0916,38300.11,68797.469
002362.SZ,20210809,17.61,17.7,17.35,17.69,17.54,0.15,0.8552,19161.36,33662.339
002362.SZ,20210806,17.35,17.56,17.17,17.54,17.36,0.18,1.0369,20616.0,35726.946
002362.SZ,20210805,17.65,17.65,17.33,17.36,17.7,-0.34,-1.9209,28752.0,50104.318
002362.SZ,20210804,17.68,17.74,17.58,17.7,17.68,0.02,0.1131,23312.52,41174.201
002362.SZ,20210803,17.62,17.85,17.47,17.68,17.67,0.01,0.0566,35422.83,62517.142
002362.SZ,20210802,17.58,17.68,17.4,17.67,17.46,0.21,1.2027,26019.23,45753.017
002362.SZ,20210730,17.13,17.56,17.1,17.46,17.18,0.28,1.6298,31466.9,54651.358
002362.SZ,20210729,17.0,17.38,17.0,17.18,16.86,0.32,1.898,28769.92,49571.272
002362.SZ,20210728,17.58,17.76,16.7,16.86,17.77,-0.91,-5.121,51494.35,88065.917
002362.SZ,20210727,18.13,18.26,17.5,17.77,18.31,-0.54,-2.9492,49887.26,89281.233
002362.SZ,20210726,18.5,19.25,18.05,18.31,18.39,-0.08,-0.435,52448.28,97873.4
002362.SZ,20210723,18.72,18.75,18.34,18.39,18.72,-0.33,-1.7628,28018.35,51665.022
002362.SZ,20210722,18.73,18.85,18.4,18.72,18.71,0.01,0.0534,37594.92,69925.119
002362.SZ,20210721,18.31,18.83,18.31,18.71,18.31,0.4,2.1846,40945.9,76192.988
002362.SZ,20210720,18.97,18.97,18.25,18.31,18.97,-0.66,-3.4792,69878.96,128433.995
002362.SZ,20210719,18.76,19.15,18.66,18.97,18.78,0.19,1.0117,25829.94,48988.9
002362.SZ,20210716,18.72,18.95,18.59,18.78,18.77,0.01,0.0533,19362.61,36396.684
002362.SZ,20210715,19.24,19.26,18.66,18.77,19.36,-0.59,-3.0475,41690.09,78710.539
002362.SZ,20210714,19.22,19.64,19.11,19.36,19.44,-0.08,-0.4115,35246.14,68243.987
002362.SZ,20210713,19.58,19.77,19.2,19.44,19.62,-0.18,-0.9174,41840.44,81142.769
002362.SZ,20210712,19.32,19.69,19.32,19.62,19.31,0.31,1.6054,33326.21,65164.354
002362.SZ,20210709,19.88,19.89,19.26,19.31,19.98,-0.67,-3.3534,50940.14,98951.949
002362.SZ,20210708,20.3,20.33,19.95,19.98,20.3,-0.32,-1.5764,37011.01,74177.989
002362.SZ,20210707,20.26,20.8,19.88,20.3,20.37,-0.07,-0.3436,46145.52,92916.61
002362.SZ,20210706,20.5,20.62,20.11,20.37,20.6,-0.23,-1.1165,39617.02,80282.604
002362.SZ,20210705,20.38,20.65,19.96,20.6,20.32,0.28,1.378,62008.16,126309.505
002362.SZ,20210702,19.77,20.88,19.7,20.32,19.8,0.52,2.6263,75275.32,153973.72
002362.SZ,20210701,20.62,20.64,19.7,19.8,20.6,-0.8,-3.8835,51663.49,103539.541
002362.SZ,20210630,19.98,20.7,19.95,20.6,20.05,0.55,2.7431,57970.34,118630.592
002362.SZ,20210629,20.38,20.73,19.98,20.05,20.29,-0.24,-1.1828,44452.6,90412.63
002362.SZ,20210628,19.65,20.38,19.51,20.29,19.66,0.63,3.2045,49959.72,100481.158
002362.SZ,20210625,19.55,19.78,19.28,19.66,19.57,0.09,0.4599,32536.16,63487.957
002362.SZ,20210624,20.16,20.19,19.51,19.57,20.32,-0.75,-3.6909,51248.56,101629.731
002362.SZ,20210623,19.6,20.5,19.6,20.32,20.09,0.23,1.1448,55058.3,111399.662
002362.SZ,20210622,20.35,20.55,20.01,20.09,20.76,-0.67,-3.2274,58530.81,118239.451
002362.SZ,20210621,20.25,21.02,19.75,20.76,20.5,0.26,1.2683,115286.69,235116.067
002362.SZ,20210618,19.07,20.5,18.94,20.5,19.04,1.46,7.6681,88116.22,173919.138
002362.SZ,20210617,18.59,19.04,18.59,19.04,18.61,0.43,2.3106,28294.17,53354.42
002362.SZ,20210616,19.01,19.21,18.54,18.61,19.04,-0.43,-2.2584,35772.98,67381.804
002362.SZ,20210615,19.3,19.46,19.0,19.04,19.6,-0.56,-2.8571,44174.42,84589.997
002362.SZ,20210611,19.72,20.54,19.38,19.6,19.4,0.2,1.0309,105138.39,210165.089
002362.SZ,20210610,18.65,19.46,18.62,19.4,18.69,0.71,3.7988,56979.91,109419.029
002362.SZ,20210609,19.01,19.02,18.64,18.69,18.93,-0.24,-1.2678,25274.3,47439.478
002362.SZ,20210608,18.69,19.0,18.48,18.93,18.61,0.32,1.7195,36473.7,68542.466
002362.SZ,20210607,18.34,18.63,18.26,18.61,18.33,0.28,1.5276,22947.49,42424.185
002362.SZ,20210604,18.31,18.45,18.22,18.33,18.29,0.04,0.2187,16683.75,30559.266
002362.SZ,20210603,18.48,18.64,18.28,18.29,18.39,-0.1,-0.5438,18492.0,34183.42
002362.SZ,20210602,18.79,18.9,18.37,18.39,18.78,-0.39,-2.0767,28053.37,52035.932
002362.SZ,20210601,18.52,18.85,18.37,18.78,18.44,0.34,1.8438,36338.84,68001.333
002362.SZ,20210531,18.33,18.57,18.32,18.44,18.23,0.21,1.1519,26161.61,48287.7
002362.SZ,20210528,18.41,18.48,18.16,18.23,18.39,-0.16,-0.87,22766.24,41657.421
002362.SZ,20210527,18.11,18.45,18.08,18.39,18.13,0.26,1.4341,31057.37,56899.021
002362.SZ,20210526,18.15,18.32,18.06,18.13,18.15,-0.02,-0.1102,24408.04,44371.483
002362.SZ,20210525,17.95,18.15,17.91,18.15,17.94,0.21,1.1706,28464.89,51410.493
002362.SZ,20210524,17.88,18.04,17.71,17.94,17.78,0.16,0.8999,20925.12,37379.972
002362.SZ,20210521,18.0,18.12,17.74,17.78,18.04,-0.26,-1.4412,25219.0,45101.08
002362.SZ,20210520,17.77,18.07,17.6,18.04,17.79,0.25,1.4053,28496.87,51110.557
002362.SZ,20210519,17.79,17.97,17.74,17.79,17.82,-0.03,-0.1684,18551.8,33122.38
002362.SZ,20210518,17.73,17.85,17.57,17.82,17.8,0.02,0.1124,22290.08,39420.784
002362.SZ,20210517,18.06,18.25,17.8,17.8,18.0,-0.2,-1.1111,27020.32,48659.314
002362.SZ,20210514,17.91,18.08,17.8,18.0,17.82,0.18,1.0101,24448.3,43867.127
002362.SZ,20210513,17.78,18.06,17.73,17.82,17.89,-0.07,-0.3913,20971.01,37455.099
002362.SZ,20210512,17.8,17.9,17.62,17.89,17.91,-0.02,-0.1117,18957.53,33723.617
002362.SZ,20210511,17.6,17.96,17.42,17.91,17.51,0.4,2.2844,29106.77,51459.506
002362.SZ,20210510,17.73,17.87,17.41,17.51,17.72,-0.21,-1.1851,23454.2,41290.214
002362.SZ,20210507,17.81,17.91,17.65,17.72,17.73,-0.01,-0.0564,20104.29,35742.241
002362.SZ,20210506,17.74,17.93,17.52,17.73,17.76,-0.03,-0.1689,24848.05,43979.258
002362.SZ,20210430,18.04,18.14,17.71,17.76,18.04,-0.28,-1.5521,30604.68,54845.862
002362.SZ,20210429,18.05,18.19,17.95,18.04,18.1,-0.06,-0.3315,27049.3,48821.104
002362.SZ,20210428,18.46,18.64,17.91,18.1,18.56,-0.46,-2.4784,50251.4,91415.198
002362.SZ,20210427,19.16,19.21,18.47,18.56,18.97,-0.41,-2.1613,30594.74,57106.842
002362.SZ,20210426,18.9,19.36,18.9,18.97,18.88,0.09,0.4767,27925.5,53471.233
002362.SZ,20210423,19.05,19.1,18.82,18.88,19.05,-0.17,-0.8924,18834.96,35665.715
002362.SZ,20210422,19.2,19.27,18.98,19.05,19.1,-0.05,-0.2618,19806.03,37809.838
002362.SZ,20210421,19.48,19.48,19.08,19.1,19.51,-0.41,-2.1015,24069.01,46215.025
002362.SZ,20210420,19.62,19.8,19.42,19.51,19.59,-0.08,-0.4084,24787.32,48531.02
002362.SZ,20210419,19.21,19.7,19.21,19.59,19.21,0.38,1.9781,33213.01,64764.264
002362.SZ,20210416,18.8,19.28,18.8,19.21,18.91,0.3,1.5865,28929.07,55254.031
002362.SZ,20210415,18.7,18.97,18.36,18.91,18.98,-0.07,-0.3688,33711.98,62738.535
002362.SZ,20210414,18.99,19.0,18.79,18.98,18.98,0.0,0.0,19600.01,37062.713
002362.SZ,20210413,18.85,19.09,18.8,18.98,18.9,0.08,0.4233,22433.02,42537.667
002362.SZ,20210412,19.15,19.2,18.79,18.9,19.25,-0.35,-1.8182,24901.37,47249.654
002362.SZ,20210409,19.32,19.51,19.17,19.25,19.38,-0.13,-0.6708,18320.27,35392.308
002362.SZ,20210408,19.66,19.89,19.34,19.38,19.72,-0.34,-1.7241,29210.0,57386.914
002362.SZ,20210407,19.71,19.75,19.46,19.72,19.66,0.06,0.3052,22894.01,44930.917
002362.SZ,20210406,19.62,19.96,19.62,19.66,19.69,-0.03,-0.1524,21698.28,42853.995
002362.SZ,20210402,19.35,19.96,19.18,19.69,19.28,0.41,2.1266,33088.21,64793.498
002362.SZ,20210401,19.22,19.49,19.13,19.28,19.22,0.06,0.3122,23522.3,45407.512
002362.SZ,20210331,19.28,19.58,19.16,19.22,19.37,-0.15,-0.7744,24092.35,46544.079
002362.SZ,20210330,19.45,19.65,18.9,19.37,19.8,-0.43,-2.1717,40868.03,78544.368
002362.SZ,20210329,19.98,20.08,19.55,19.8,19.79,0.01,0.0505,29058.8,57509.68
002362.SZ,20210326,19.8,19.93,19.58,19.79,19.68,0.11,0.5589,26686.58,52733.01
002362.SZ,20210325,19.28,19.96,19.26,19.68,19.56,0.12,0.6135,38317.51,75531.983
002362.SZ,20210324,19.19,19.65,19.15,19.56,19.29,0.27,1.3997,40343.82,78653.149
002362.SZ,20210323,19.28,19.42,19.09,19.29,19.29,0.0,0.0,28160.82,54103.051
002362.SZ,20210322,18.94,19.31,18.67,19.29,18.67,0.62,3.3208,43272.35,82661.21
002362.SZ,20210319,18.58,18.97,18.32,18.67,18.81,-0.14,-0.7443,23397.02,43814.066
002362.SZ,20210318,19.08,19.1,18.71,18.81,19.01,-0.2,-1.0521,28134.01,53195.32
002362.SZ,20210317,19.17,19.17,18.82,19.01,19.06,-0.05,-0.2623,16934.06,32175.197
002362.SZ,20210316,18.71,19.12,18.71,19.06,18.7,0.36,1.9251,23162.44,43926.209
002362.SZ,20210315,18.98,19.0,18.6,18.7,18.92,-0.22,-1.1628,21367.24,40052.544
002362.SZ,20210312,19.36,19.37,18.82,18.92,19.33,-0.41,-2.1211,28840.31,54694.2
002362.SZ,20210311,18.85,19.33,18.63,19.33,18.79,0.54,2.8739,29071.61,55460.344
002362.SZ,20210310,19.38,19.45,18.69,18.79,19.15,-0.36,-1.8799,32840.55,62142.244
002362.SZ,20210309,19.96,19.99,18.91,19.15,19.95,-0.8,-4.01,37914.62,73506.611
002362.SZ,20210308,20.33,20.6,19.93,19.95,20.26,-0.31,-1.5301,30446.29,61676.652
002362.SZ,20210305,20.06,20.37,19.9,20.26,20.1,0.16,0.796,25825.01,52174.747
002362.SZ,20210304,20.68,20.68,20.01,20.1,20.67,-0.57,-2.7576,36748.01,74283.353
002362.SZ,20210303,20.42,20.72,20.0,20.67,20.36,0.31,1.5226,40682.74,82835.182
002362.SZ,20210302,20.77,20.91,20.34,20.36,20.77,-0.41,-1.974,37925.0,77601.369
002362.SZ,20210301,21.0,21.1,20.65,20.77,20.73,0.04,0.193,37967.34,79065.235
002362.SZ,20210226,20.14,20.85,20.0,20.73,20.56,0.17,0.8268,28707.51,58835.174
002362.SZ,20210225,21.03,21.16,20.51,20.56,21.07,-0.51,-2.4205,32117.0,66453.481
002362.SZ,20210224,21.1,21.23,20.65,21.07,21.11,-0.04,-0.1895,45324.49,94817.105
002362.SZ,20210223,20.6,21.5,20.25,21.11,20.64,0.47,2.2771,58376.88,122764.579
002362.SZ,20210222,21.33,21.74,20.63,20.64,21.2,-0.56,-2.6415,66584.1,140949.897
002362.SZ,20210219,20.59,21.22,20.41,21.2,20.36,0.84,4.1257,50700.36,105835.685
002362.SZ,20210218,20.33,20.8,20.25,20.36,20.0,0.36,1.8,45752.42,93762.542
002362.SZ,20210210,20.19,20.19,19.68,20.0,19.97,0.03,0.1502,33301.29,66244.842
002362.SZ,20210209,19.8,20.07,19.51,19.97,19.76,0.21,1.0628,36907.72,73425.616
002362.SZ,20210208,19.39,20.15,19.3,19.76,19.36,0.4,2.0661,32543.58,64097.586
002362.SZ,20210205,19.84,20.24,19.3,19.36,19.84,-0.48,-2.4194,36480.23,72089.383
002362.SZ,20210204,20.0,20.38,19.35,19.84,20.14,-0.3,-1.4896,51800.16,102742.531
002362.SZ,20210203,21.09,21.2,20.1,20.14,21.3,-1.16,-5.446,59312.21,121417.882
002362.SZ,20210202,21.2,21.4,20.73,21.3,21.09,0.21,0.9957,40684.01,86017.975
002362.SZ,20210201,21.18,21.35,20.91,21.09,21.18,-0.09,-0.4249,40793.04,86079.234
002362.SZ,20210129,22.0,22.04,20.82,21.18,21.9,-0.72,-3.2877,75287.99,160234.071
002362.SZ,20210128,23.5,23.5,21.82,21.9,24.16,-2.26,-9.3543,128533.36,289065.358
002362.SZ,20210127,24.19,24.47,23.74,24.16,24.19,-0.03,-0.124,40341.11,97360.953
002362.SZ,20210126,25.73,25.73,23.86,24.19,25.85,-1.66,-6.4217,83231.96,205101.942
002362.SZ,20210125,26.21,26.5,25.22,25.85,26.21,-0.36,-1.3735,85016.46,219883.873
002362.SZ,20210122,25.83,26.5,25.1,26.21,25.95,0.26,1.0019,92536.78,238751.802
002362.SZ,20210121,25.53,26.16,24.85,25.95,25.62,0.33,1.2881,81259.77,207538.731
002362.SZ,20210120,25.81,26.1,25.1,25.62,26.1,-0.48,-1.8391,80632.92,205731.363
002362.SZ,20210119,24.35,26.46,24.27,26.1,24.6,1.5,6.0976,122843.76,315834.695
002362.SZ,20210118,24.77,25.15,24.32,24.6,24.69,-0.09,-0.3645,56260.9,138443.998
002362.SZ,20210115,24.48,25.38,24.15,24.69,24.22,0.47,1.9405,57275.04,142263.716
002362.SZ,20210114,23.97,24.47,23.81,24.22,23.84,0.38,1.594,41416.42,100194.022
002362.SZ,20210113,24.07,24.24,23.2,23.84,24.12,-0.28,-1.1609,54224.0,128352.388
002362.SZ,20210112,24.2,24.55,23.9,24.12,24.38,-0.26,-1.0664,38837.91,93773.145
002362.SZ,20210111,24.81,25.35,24.31,24.38,24.82,-0.44,-1.7728,50662.0,125622.282
002362.SZ,20210108,24.3,25.32,23.69,24.82,24.26,0.56,2.3083,55340.12,136640.435
002362.SZ,20210107,25.04,25.1,23.95,24.26,25.18,-0.92,-3.6537,55446.63,135218.834
002362.SZ,20210106,25.95,25.95,24.96,25.18,25.91,-0.73,-2.8174,50899.59,128536.877
002362.SZ,20210105,25.81,26.26,25.6,25.91,25.81,0.1,0.3874,61140.63,158196.072
002362.SZ,20210104,24.47,25.96,24.4,25.81,24.44,1.37,5.6056,67267.98,171253.909
002362.SZ,20201231,23.66,24.56,23.66,24.44,23.72,0.72,3.0354,48457.13,117731.957
002362.SZ,20201230,23.48,24.06,23.33,23.72,23.45,0.27,1.1514,38209.0,90698.329
002362.SZ,20201229,23.3,23.84,23.25,23.45,23.4,0.05,0.2137,44814.04,105568.06
002362.SZ,20201228,24.13,24.27,23.03,23.4,23.88,-0.48,-2.0101,57585.02,135515.645
002362.SZ,20201225,23.9,24.13,23.08,23.88,23.98,-0.1,-0.417,63026.48,149018.259
002362.SZ,20201224,26.0,26.09,23.59,23.98,26.1,-2.12,-8.1226,111186.67,273451.42
002362.SZ,20201223,25.9,26.8,25.8,26.1,25.9,0.2,0.7722,55765.61,145920.973
002362.SZ,20201222,26.65,26.91,25.71,25.9,26.83,-0.93,-3.4663,57223.48,150611.796
002362.SZ,20201221,25.68,27.08,25.36,26.83,25.59,1.24,4.8456,72345.56,192248.511
002362.SZ,20201218,26.03,26.29,25.36,25.59,26.15,-0.56,-2.1415,41473.02,107038.857
002362.SZ,20201217,26.44,26.45,25.5,26.15,26.65,-0.5,-1.8762,57375.02,149100.57
002362.SZ,20201216,26.29,26.94,26.02,26.65,26.3,0.35,1.3308,66973.27,177476.629
002362.SZ,20201215,24.88,26.88,24.73,26.3,24.86,1.44,5.7924,88531.08,230514.539
002362.SZ,20201214,24.84,24.94,24.3,24.86,24.75,0.11,0.4444,25928.15,64013.745
002362.SZ,20201211,25.06,25.3,24.33,24.75,24.98,-0.23,-0.9207,41197.17,101892.801
002362.SZ,20201210,25.17,25.38,24.77,24.98,25.0,-0.02,-0.08,33096.02,82926.458
002362.SZ,20201209,26.19,26.36,24.96,25.0,26.06,-1.06,-4.0675,51213.02,130788.153
002362.SZ,20201208,26.43,26.55,25.88,26.06,26.34,-0.28,-1.063,34414.72,89966.865
002362.SZ,20201207,26.2,26.88,26.2,26.34,26.19,0.15,0.5727,44491.0,117804.449
002362.SZ,20201204,26.28,26.5,26.0,26.19,26.33,-0.14,-0.5317,41870.02,109901.646
002362.SZ,20201203,26.1,26.59,25.68,26.33,25.98,0.35,1.3472,66077.18,173624.311
002362.SZ,20201202,25.46,26.33,25.23,25.98,25.32,0.66,2.6066,65766.05,169099.263
002362.SZ,20201201,24.83,25.42,24.71,25.32,24.76,0.56,2.2617,41064.01,103439.553
002362.SZ,20201130,25.12,25.25,24.5,24.76,25.08,-0.32,-1.2759,63314.03,157187.76
002362.SZ,20201127,25.53,25.67,24.75,25.08,25.63,-0.55,-2.1459,54563.39,137481.489
002362.SZ,20201126,25.95,26.25,25.43,25.63,26.0,-0.37,-1.4231,45631.78,117394.573
002362.SZ,20201125,25.8,26.4,25.3,26.0,25.72,0.28,1.0886,68721.0,178326.594
002362.SZ,20201124,25.9,26.43,25.6,25.72,25.7,0.02,0.0778,68110.01,176604.761
002362.SZ,20201123,25.89,26.08,25.1,25.7,25.64,0.06,0.234,50071.0,128209.638
002362.SZ,20201120,26.0,26.18,25.53,25.64,25.95,-0.31,-1.1946,41291.22,106281.714
002362.SZ,20201119,26.02,26.21,25.26,25.95,26.23,-0.28,-1.0675,70613.28,182221.058
002362.SZ,20201118,26.5,26.85,26.12,26.23,26.65,-0.42,-1.576,42489.0,112022.542
002362.SZ,20201117,27.39,27.39,26.01,26.65,27.07,-0.42,-1.5515,76637.42,203438.455
002362.SZ,20201116,26.33,27.53,25.95,27.07,26.01,1.06,4.0754,91304.02,244318.304
002362.SZ,20201113,26.43,26.45,25.68,26.01,26.49,-0.48,-1.812,73152.02,190210.036
002362.SZ,20201112,25.68,26.8,25.39,26.49,25.5,0.99,3.8824,96704.69,253746.008
002362.SZ,20201111,26.0,26.5,25.43,25.5,26.21,-0.71,-2.7089,96353.41,248439.971
002362.SZ,20201110,28.5,28.5,25.96,26.21,28.84,-2.63,-9.1193,204054.01,542661.485
002362.SZ,20201109,29.3,30.1,28.81,28.84,28.88,-0.04,-0.1385,137824.64,404133.709
002362.SZ,20201106,28.71,29.27,28.3,28.88,28.7,0.18,0.6272,103780.0,297929.326
002362.SZ,20201105,28.4,29.15,27.88,28.7,28.09,0.61,2.1716,115435.47,327942.173
002362.SZ,20201104,27.92,28.68,27.67,28.09,27.87,0.22,0.7894,99505.8,280799.15
002362.SZ,20201103,28.21,28.55,27.58,27.87,28.05,-0.18,-0.6417,121876.37,341337.718
002362.SZ,20201102,28.06,28.69,27.51,28.05,27.85,0.2,0.7181,138123.43,389262.295
002362.SZ,20201030,28.8,29.15,27.77,27.85,28.83,-0.98,-3.3992,161332.89,459867.278
002362.SZ,20201029,27.04,30.1,26.86,28.83,27.44,1.39,5.0656,193287.59,555060.571
002362.SZ,20201028,26.58,28.0,26.23,27.44,26.21,1.23,4.6929,158509.62,430088.228
002362.SZ,20201027,25.02,26.86,25.02,26.21,25.25,0.96,3.802,146936.2,382771.353
002362.SZ,20201026,24.09,25.66,23.86,25.25,24.49,0.76,3.1033,99758.94,248230.252
002362.SZ,20201023,24.71,25.38,24.26,24.49,24.87,-0.38,-1.5279,99812.31,247257.7
002362.SZ,20201022,24.78,25.66,24.31,24.87,24.89,-0.02,-0.0804,106839.02,266866.621
002362.SZ,20201021,24.19,25.15,23.99,24.89,24.16,0.73,3.0215,114547.15,283066.033
002362.SZ,20201020,23.69,24.35,23.61,24.16,23.72,0.44,1.855,73398.32,176582.206
002362.SZ,20201019,24.5,24.68,23.51,23.72,24.22,-0.5,-2.0644,81275.12,195056.426
002362.SZ,20201016,24.4,24.49,23.5,24.22,24.0,0.22,0.9167,96375.63,231657.851
002362.SZ,20201015,25.44,25.52,23.96,24.0,25.97,-1.97,-7.5857,155967.21,383616.12
002362.SZ,20201014,23.8,26.19,23.68,25.97,23.81,2.16,9.0718,198616.27,499641.819
002362.SZ,20201013,23.74,24.35,23.31,23.81,23.39,0.42,1.7956,112269.63,267234.952
002362.SZ,20201012,23.48,24.25,23.32,23.39,23.39,0.0,0.0,148294.43,351603.934
002362.SZ,20201009,22.02,23.48,22.02,23.39,21.4,1.99,9.2991,176906.05,402344.091
002362.SZ,20200930,21.53,22.28,21.24,21.4,21.83,-0.43,-1.9698,104648.67,226093.881
002362.SZ,20200929,20.4,21.9,20.4,21.83,20.45,1.38,6.7482,120166.24,255476.945
002362.SZ,20200928,20.61,21.3,20.05,20.45,20.5,-0.05,-0.2439,70510.62,145830.976
002362.SZ,20200925,21.11,21.38,20.3,20.5,21.19,-0.69,-3.2563,65538.58,135782.461
002362.SZ,20200924,21.11,22.07,20.69,21.19,21.4,-0.21,-0.9813,112686.04,239686.567
002362.SZ,20200923,21.15,21.55,20.98,21.4,21.08,0.32,1.518,65115.57,138505.483
002362.SZ,20200922,21.11,21.66,20.93,21.08,21.57,-0.49,-2.2717,94037.02,199636.996
002362.SZ,20200921,22.6,22.79,21.56,21.57,22.08,-0.51,-2.3098,99430.01,218400.869
002362.SZ,20200918,22.36,22.84,21.93,22.08,21.92,0.16,0.7299,135563.0,302627.103
002362.SZ,20200917,24.26,24.26,21.5,21.92,23.75,-1.83,-7.7053,203101.0,449901.055
002362.SZ,20200916,24.3,25.03,23.4,23.75,23.86,-0.11,-0.461,232741.76,559735.905
002362.SZ,20200915,21.91,23.86,21.91,23.86,21.69,2.17,10.0046,216376.31,508985.398
002362.SZ,20200914,21.0,22.32,20.7,21.69,21.0,0.69,3.2857,178697.11,388626.747
002362.SZ,20200911,19.59,21.13,19.5,21.0,19.62,1.38,7.0336,166833.87,340504.827
002362.SZ,20200910,20.7,20.7,19.18,19.62,20.31,-0.69,-3.3973,102376.0,204078.269
002362.SZ,20200909,21.33,21.5,20.24,20.31,21.68,-1.37,-6.3192,134802.2,279765.276
002362.SZ,20200908,21.95,21.98,21.12,21.68,21.59,0.09,0.4169,119923.12,258256.893
002362.SZ,20200907,22.47,22.73,21.29,21.59,22.31,-0.72,-3.2273,184641.47,406532.644
002362.SZ,20200904,22.33,23.6,21.88,22.31,22.92,-0.61,-2.6614,248795.99,559149.039
002362.SZ,20200903,23.77,24.99,22.8,22.92,23.78,-0.86,-3.6165,322594.9,774843.308
002362.SZ,20200902,24.0,25.76,23.38,23.78,23.42,0.36,1.5371,417900.22,1023091.11
002362.SZ,20200901,23.01,23.42,22.38,23.42,21.29,2.13,10.0047,162530.47,372567.883
002362.SZ,20200831,20.0,21.29,19.7,21.29,19.35,1.94,10.0258,121291.88,251800.787
002362.SZ,20200828,18.84,19.45,18.84,19.35,19.02,0.33,1.735,54108.25,104033.925
002362.SZ,20200827,18.75,19.28,18.65,19.02,18.85,0.17,0.9019,48050.0,91439.516
002362.SZ,20200826,19.12,19.53,18.75,18.85,19.12,-0.27,-1.4121,58975.26,112786.335
002362.SZ,20200825,19.69,19.69,19.01,19.12,19.35,-0.23,-1.1886,64129.61,123200.547
002362.SZ,20200824,18.59,19.48,18.58,19.35,18.58,0.77,4.1442,70041.02,134611.368
002362.SZ,20200821,18.74,19.0,18.47,18.58,18.74,-0.16,-0.8538,37495.59,70190.277
002362.SZ,20200820,18.49,19.05,18.26,18.74,18.55,0.19,1.0243,55649.56,104660.311
002362.SZ,20200819,18.7,19.06,18.51,18.55,18.68,-0.13,-0.6959,46672.0,87550.758
002362.SZ,20200818,18.81,18.95,18.6,18.68,18.77,-0.09,-0.4795,38068.15,71442.533
002362.SZ,20200817,18.39,18.8,18.1,18.77,18.23,0.54,2.9622,55154.42,102157.256
002362.SZ,20200814,17.74,18.25,17.63,18.23,17.74,0.49,2.7621,38344.66,69351.595
002362.SZ,20200813,17.68,17.88,17.67,17.74,17.65,0.09,0.5099,20611.0,36619.85
002362.SZ,20200812,17.88,17.88,17.36,17.65,17.9,-0.25,-1.3966,35609.33,62536.03
002362.SZ,20200811,18.27,18.45,17.9,17.9,18.22,-0.32,-1.7563,39197.05,71480.627
002362.SZ,20200810,18.1,18.4,18.08,18.22,18.25,-0.03,-0.1644,27837.06,50768.27
002362.SZ,20200807,18.7,18.7,18.0,18.25,18.8,-0.55,-2.9255,55594.29,101407.731
002362.SZ,20200806,18.41,18.88,18.09,18.8,18.45,0.35,1.897,70597.21,130821.078
002362.SZ,20200805,18.28,18.7,18.28,18.45,18.3,0.15,0.8197,38860.2,71781.971
002362.SZ,20200804,18.71,18.74,18.24,18.3,18.6,-0.3,-1.6129,39468.17,72745.809
002362.SZ,20200803,18.15,18.69,18.1,18.6,18.03,0.57,3.1614,50785.04,93946.804
002362.SZ,20200731,17.8,18.09,17.73,18.03,17.69,0.34,1.922,39250.0,70388.796
002362.SZ,20200730,17.83,18.07,17.68,17.69,17.97,-0.28,-1.5582,36360.01,64822.405
002362.SZ,20200729,17.54,18.0,17.36,17.97,17.6,0.37,2.1023,37598.02,66780.978
002362.SZ,20200728,17.87,17.87,17.28,17.6,17.49,0.11,0.6289,33216.06,58389.627
002362.SZ,20200727,17.9,18.02,17.34,17.49,17.85,-0.36,-2.0168,44936.02,79351.542
002362.SZ,20200724,18.79,18.85,17.72,17.85,18.66,-0.81,-4.3408,54826.66,100251.794
002362.SZ,20200723,18.75,18.99,18.18,18.66,19.0,-0.34,-1.7895,56408.23,104645.663
002362.SZ,20200722,18.84,19.19,18.72,19.0,19.01,-0.01,-0.0526,60055.67,114104.839
002362.SZ,20200721,18.68,19.01,18.27,19.01,18.61,0.4,2.1494,72619.76,135656.012
002362.SZ,20200720,18.16,18.63,18.16,18.61,18.09,0.52,2.8745,43326.47,79756.139
002362.SZ,20200717,18.35,18.5,17.83,18.09,18.35,-0.26,-1.4169,45182.0,81923.061
002362.SZ,20200716,19.22,19.5,18.27,18.35,19.17,-0.82,-4.2775,80514.33,151894.397
002362.SZ,20200715,19.8,19.94,18.9,19.17,19.69,-0.52,-2.6409,83305.56,161556.6
002362.SZ,20200714,20.06,20.12,19.26,19.69,20.2,-0.51,-2.5248,99389.48,195730.562
002362.SZ,20200713,20.0,20.44,19.95,20.2,19.84,0.36,1.8145,87293.38,176009.548
002362.SZ,20200710,20.12,20.49,19.66,19.84,20.2,-0.36,-1.7822,85564.33,171030.013
002362.SZ,20200709,19.39,20.53,19.28,20.2,19.39,0.81,4.1774,117494.56,233334.496
002362.SZ,20200708,18.95,19.45,18.9,19.39,19.02,0.37,1.9453,70733.95,136135.987
002362.SZ,20200707,19.21,19.53,19.01,19.02,18.89,0.13,0.6882,99348.19,191341.408
002362.SZ,20200706,18.21,18.98,18.21,18.89,18.21,0.68,3.7342,90289.05,169061.255
002362.SZ,20200703,18.36,18.93,18.18,18.21,18.23,-0.02,-0.1097,88541.5,162916.033
002362.SZ,20200702,17.94,18.26,17.84,18.23,18.0,0.23,1.2778,65559.07,118469.479
002362.SZ,20200701,17.76,18.2,17.66,18.0,17.83,0.17,0.9534,67167.03,120274.787
002362.SZ,20200630,17.19,18.05,17.19,17.83,17.16,0.67,3.9044,64146.48,114097.711
002362.SZ,20200629,17.35,17.41,17.05,17.16,17.44,-0.28,-1.6055,31435.41,54027.032
002362.SZ,20200624,17.52,17.84,17.33,17.44,17.52,-0.08,-0.4566,36095.41,63366.867
002362.SZ,20200623,17.66,17.68,17.3,17.52,17.75,-0.23,-1.2958,33943.59,59316.675
002362.SZ,20200622,17.45,17.92,17.4,17.75,17.43,0.32,1.8359,49281.02,87329.181
002362.SZ,20200619,17.35,17.7,17.31,17.43,17.36,0.07,0.4032,44557.01,78066.032
002362.SZ,20200618,17.39,17.55,17.12,17.36,17.41,-0.05,-0.2872,40915.01,70898.921
002362.SZ,20200617,17.47,17.6,17.19,17.41,17.5,-0.09,-0.5143,51293.27,89098.513
002362.SZ,20200616,16.86,17.82,16.86,17.5,16.79,0.71,4.2287,78800.03,136893.408
002362.SZ,20200615,16.9,17.1,16.69,16.79,16.73,0.06,0.3586,26075.4,44086.484
002362.SZ,20200612,16.51,16.84,16.48,16.73,16.89,-0.16,-0.9473,24904.43,41593.425
002362.SZ,20200611,17.11,17.19,16.82,16.89,17.11,-0.22,-1.2858,35910.13,61081.793
002362.SZ,20200610,17.02,17.24,16.76,17.11,17.04,0.07,0.4108,35239.08,59934.574
002362.SZ,20200609,16.74,17.08,16.63,17.04,16.71,0.33,1.9749,34590.71,58589.314
002362.SZ,20200608,16.86,17.06,16.66,16.71,16.81,-0.1,-0.5949,29433.95,49585.405
002362.SZ,20200605,16.77,16.91,16.67,16.81,16.82,-0.01,-0.0595,25851.0,43401.181
002362.SZ,20200604,17.0,17.15,16.77,16.82,16.98,-0.16,-0.9423,30886.01,52197.475
002362.SZ,20200603,17.15,17.37,16.9,16.98,16.98,0.0,0.0,52388.48,89915.237
002362.SZ,20200602,17.0,17.16,16.77,16.98,16.78,0.2,1.1919,47395.51,80515.872
002362.SZ,20200601,16.11,16.85,16.11,16.78,16.04,0.74,4.6135,43913.81,72820.88
002362.SZ,20200529,16.16,16.28,16.01,16.04,16.2,-0.16,-0.9877,19346.02,31256.686
002362.SZ,20200528,16.51,16.59,15.83,16.2,16.48,-0.28,-1.699,30619.02,49375.864
002362.SZ,20200527,16.49,16.87,16.39,16.48,16.45,0.03,0.1824,36748.11,61202.146
002362.SZ,20200526,15.97,16.58,15.97,16.45,15.94,0.51,3.1995,32108.89,52313.993
002362.SZ,20200525,16.33,16.33,15.8,15.94,16.21,-0.27,-1.6656,27628.87,44244.515
002362.SZ,20200522,16.5,16.62,16.09,16.21,16.46,-0.25,-1.5188,27358.19,44718.409
002362.SZ,20200521,16.98,17.05,16.42,16.46,16.94,-0.48,-2.8335,29444.07,49091.989
002362.SZ,20200520,17.08,17.25,16.84,16.94,16.97,-0.03,-0.1768,34860.92,59445.308
002362.SZ,20200519,16.76,17.09,16.71,16.97,16.5,0.47,2.8485,35984.0,60812.596
002362.SZ,20200518,16.85,16.95,16.36,16.5,16.94,-0.44,-2.5974,33669.21,56004.276
002362.SZ,20200515,16.96,17.25,16.9,16.94,16.94,0.0,0.0,35775.11,61024.724
002362.SZ,20200514,16.72,17.05,16.6,16.94,16.83,0.11,0.6536,33807.25,56923.323
002362.SZ,20200513,16.85,16.98,16.5,16.83,16.85,-0.02,-0.1187,23263.17,39143.885
002362.SZ,20200512,16.96,17.08,16.6,16.85,17.11,-0.26,-1.5196,29197.48,49041.241
002362.SZ,20200511,17.01,17.33,16.85,17.11,16.83,0.28,1.6637,44455.11,76063.679
002362.SZ,20200508,16.78,17.06,16.78,16.83,16.7,0.13,0.7784,30242.0,51162.023
002362.SZ,20200507,16.7,17.0,16.64,16.7,16.73,-0.03,-0.1793,29219.2,49033.055
002362.SZ,20200506,16.12,16.74,16.07,16.73,16.27,0.46,2.8273,36280.06,59904.518
002362.SZ,20200430,15.74,16.4,15.74,16.27,15.63,0.64,4.0947,38028.36,61330.02
002362.SZ,20200429,15.75,15.95,15.5,15.63,15.75,-0.12,-0.7619,26745.89,42104.844
002362.SZ,20200428,16.41,16.49,15.08,15.75,16.4,-0.65,-3.9634,49323.6,77915.496
002362.SZ,20200427,16.88,16.88,16.4,16.4,16.88,-0.48,-2.8436,36486.49,60524.898
002362.SZ,20200424,17.36,17.47,16.54,16.88,17.55,-0.67,-3.8177,57040.38,96728.842
002362.SZ,20200423,17.5,17.57,17.21,17.55,17.39,0.16,0.9201,47702.12,82988.154
002362.SZ,20200422,17.0,17.4,16.8,17.39,17.02,0.37,2.1739,51537.84,88563.852
002362.SZ,20200421,17.01,17.04,16.6,17.02,17.05,-0.03,-0.176,32139.01,54171.18
002362.SZ,20200420,16.88,17.1,16.65,17.05,16.88,0.17,1.0071,33708.02,57176.875
002362.SZ,20200417,17.06,17.33,16.86,16.88,17.0,-0.12,-0.7059,36282.33,62103.399
002362.SZ,20200416,16.7,17.11,16.6,17.0,16.79,0.21,1.2507,35380.01,59816.373
002362.SZ,20200415,17.05,17.13,16.79,16.79,17.14,-0.35,-2.042,34759.01,58786.057
002362.SZ,20200414,16.65,17.16,16.12,17.14,16.57,0.57,3.44,40350.15,67857.847
002362.SZ,20200413,16.74,17.03,16.46,16.57,17.06,-0.49,-2.8722,34059.11,56536.729
002362.SZ,20200410,18.05,18.22,17.02,17.06,17.72,-0.66,-3.7246,74046.78,129264.864
002362.SZ,20200409,16.98,17.85,16.83,17.72,16.9,0.82,4.8521,79453.06,137943.221
002362.SZ,20200408,16.8,16.94,16.68,16.9,16.8,0.1,0.5952,32073.01,54003.047
002362.SZ,20200407,16.53,16.85,16.51,16.8,16.22,0.58,3.5758,39957.21,66808.909
002362.SZ,20200403,16.5,16.59,16.12,16.22,16.49,-0.27,-1.6374,28429.03,46555.033
002362.SZ,20200402,16.02,16.49,15.88,16.49,16.11,0.38,2.3588,30380.75,49417.472
002362.SZ,20200401,16.17,16.47,16.11,16.11,16.2,-0.09,-0.5556,26679.05,43393.066
002362.SZ,20200331,16.59,16.7,16.18,16.2,16.44,-0.24,-1.4599,33654.05,55174.406
002362.SZ,20200330,16.75,16.75,15.91,16.44,17.07,-0.63,-3.6907,54544.02,89094.847
002362.SZ,20200327,17.41,17.57,17.03,17.07,17.21,-0.14,-0.8135,33905.62,58686.946
002362.SZ,20200326,17.59,17.59,17.16,17.21,17.61,-0.4,-2.2714,36694.0,63828.9
002362.SZ,20200325,17.7,17.83,17.42,17.61,17.39,0.22,1.2651,46004.02,80981.784
002362.SZ,20200324,17.5,17.55,16.86,17.39,17.1,0.29,1.6959,42847.65,74162.255
002362.SZ,20200323,17.0,17.63,16.68,17.1,17.37,-0.27,-1.5544,46883.05,80885.509
002362.SZ,20200320,17.3,17.61,17.11,17.37,17.27,0.1,0.579,41241.03,71642.059
002362.SZ,20200319,16.8,17.36,16.67,17.27,16.93,0.34,2.0083,51808.36,88123.084
002362.SZ,20200318,17.7,17.85,16.91,16.93,17.47,-0.54,-3.091,57979.0,101360.395
002362.SZ,20200317,17.87,17.87,16.86,17.47,17.32,0.15,0.8661,53365.51,92537.764
002362.SZ,20200316,18.6,18.8,17.12,17.32,18.4,-1.08,-5.8696,74002.04,133414.711
002362.SZ,20200313,17.79,18.7,17.51,18.4,18.73,-0.33,-1.7619,75007.03,135920.527
002362.SZ,20200312,18.74,19.12,18.38,18.73,19.39,-0.66,-3.4038,87857.73,164603.181
002362.SZ,20200311,20.11,20.5,19.38,19.39,20.15,-0.76,-3.7717,114792.8,228310.38
002362.SZ,20200310,19.0,20.17,18.55,20.15,19.38,0.77,3.9732,133971.02,260251.525
002362.SZ,20200309,20.4,20.4,19.36,19.38,20.56,-1.18,-5.7393,144687.95,286405.228
002362.SZ,20200306,19.84,21.19,19.79,20.56,20.1,0.46,2.2886,191693.2,395936.788
002362.SZ,20200305,20.05,20.6,19.8,20.1,20.01,0.09,0.4498,128975.85,260371.561
002362.SZ,20200304,19.5,20.59,19.22,20.01,19.57,0.44,2.2483,127808.42,255809.429
002362.SZ,20200303,19.22,20.0,18.98,19.57,18.84,0.73,3.8747,125961.37,246027.033
002362.SZ,20200302,18.3,19.05,18.3,18.84,17.94,0.9,5.0167,90679.55,169752.097
002362.SZ,20200228,18.81,19.16,17.89,17.94,19.46,-1.52,-7.8109,124376.59,230232.3
002362.SZ,20200227,19.76,20.02,19.16,19.46,19.86,-0.4,-2.0141,99377.25,194892.95
002362.SZ,20200226,20.0,20.64,19.5,19.86,20.5,-0.64,-3.122,149643.64,298349.869
002362.SZ,20200225,20.09,20.68,19.45,20.5,20.85,-0.35,-1.6787,205512.95,414861.403
002362.SZ,20200224,19.99,21.35,19.62,20.85,19.82,1.03,5.1968,188405.67,390374.931
002362.SZ,20200221,19.14,20.33,19.03,19.82,18.97,0.85,4.4808,200399.72,398060.97
002362.SZ,20200220,18.61,19.06,18.61,18.97,18.71,0.26,1.3896,95716.24,180845.4
002362.SZ,20200219,19.51,19.6,18.71,18.71,19.69,-0.98,-4.9771,130786.43,250382.071
002362.SZ,20200218,19.31,19.76,19.11,19.69,19.51,0.18,0.9226,140633.66,272765.505
002362.SZ,20200217,18.63,19.55,18.55,19.51,18.66,0.85,4.5552,155467.91,299436.852
002362.SZ,20200214,18.5,18.9,18.35,18.66,18.56,0.1,0.5388,91620.59,170747.714
002362.SZ,20200213,19.2,19.2,18.5,18.56,19.35,-0.79,-4.0827,132118.5,247893.061
002362.SZ,20200212,18.91,19.4,18.43,19.35,19.29,0.06,0.311,163637.62,309593.574
002362.SZ,20200211,19.24,20.1,18.83,19.29,19.24,0.05,0.2599,162182.98,315101.104
002362.SZ,20200210,19.58,19.99,18.81,19.24,19.35,-0.11,-0.5685,180261.16,347853.704
002362.SZ,20200207,19.77,20.39,18.88,19.35,19.3,0.05,0.2591,281818.55,555361.932
002362.SZ,20200206,17.78,19.7,17.47,19.3,17.91,1.39,7.761,304383.43,573330.827
002362.SZ,20200205,17.1,17.98,16.8,17.91,17.17,0.74,4.3098,195635.85,343618.777
002362.SZ,20200204,15.01,17.17,15.01,17.17,15.61,1.56,9.9936,167866.16,274552.171
002362.SZ,20200203,15.7,16.85,15.61,15.61,17.34,-1.73,-9.9769,102223.41,161679.598
002362.SZ,20200123,17.8,18.32,16.73,17.34,17.75,-0.41,-2.3099,94500.03,165126.889
002362.SZ,20200122,16.97,17.88,16.9,17.75,17.03,0.72,4.2278,85121.59,149397.304
002362.SZ,20200121,17.35,17.35,16.96,17.03,17.36,-0.33,-1.9009,39151.01,66933.7
002362.SZ,20200120,17.25,17.38,16.88,17.36,17.38,-0.02,-0.1151,48367.7,83073.604
002362.SZ,20200117,17.73,17.77,17.2,17.38,17.8,-0.42,-2.3596,81366.96,141766.51
002362.SZ,20200116,17.5,18.25,17.4,17.8,17.51,0.29,1.6562,109946.07,196944.131
002362.SZ,20200115,17.15,17.77,16.94,17.51,17.15,0.36,2.0991,88238.61,153733.305
002362.SZ,20200114,17.4,17.43,17.07,17.15,17.35,-0.2,-1.1527,52073.13,89509.438
002362.SZ,20200113,16.83,17.35,16.73,17.35,16.9,0.45,2.6627,58472.09,100067.432
002362.SZ,20200110,17.4,17.47,16.76,16.9,17.06,-0.16,-0.9379,53417.46,90890.592
002362.SZ,20200109,16.69,17.1,16.62,17.06,16.46,0.6,3.6452,70612.39,119731.277
002362.SZ,20200108,16.92,16.93,16.45,16.46,16.92,-0.46,-2.7187,57634.04,95889.273
002362.SZ,20200107,16.8,17.03,16.78,16.92,16.88,0.04,0.237,47238.07,79808.475
002362.SZ,20200106,16.59,17.17,16.51,16.88,16.76,0.12,0.716,69242.63,117137.011
002362.SZ,20200103,16.53,16.77,16.43,16.76,16.48,0.28,1.699,74154.63,123283.213
002362.SZ,20200102,16.16,16.48,16.02,16.48,15.98,0.5,3.1289,50777.47,82985.564
002362.SZ,20191231,15.95,16.14,15.81,15.98,16.02,-0.04,-0.2497,25092.92,40072.488
002362.SZ,20191230,16.09,16.09,15.72,16.02,16.17,-0.15,-0.9276,34531.29,54981.427
002362.SZ,20191227,16.5,16.55,16.12,16.17,16.51,-0.34,-2.0594,40324.21,65832.675
002362.SZ,20191226,16.39,16.52,16.2,16.51,16.36,0.15,0.9169,47514.01,77887.913
002362.SZ,20191225,16.33,16.44,16.15,16.36,16.29,0.07,0.4297,46453.13,75850.86
002362.SZ,20191224,15.98,16.34,15.85,16.29,15.76,0.53,3.3629,42545.12,68759.503
002362.SZ,20191223,16.15,16.21,15.71,15.76,16.1,-0.34,-2.1118,31645.1,50588.208
002362.SZ,20191220,16.6,16.66,16.07,16.1,16.6,-0.5,-3.012,47006.59,76515.955
002362.SZ,20191219,16.49,16.64,16.41,16.6,16.5,0.1,0.6061,37748.01,62363.008
002362.SZ,20191218,16.4,16.75,16.4,16.5,16.52,-0.02,-0.1211,43625.0,72379.072
002362.SZ,20191217,16.4,16.64,16.33,16.52,16.5,0.02,0.1212,58454.78,96335.518
002362.SZ,20191216,16.22,16.51,16.19,16.5,16.21,0.29,1.789,51484.79,84357.58
002362.SZ,20191213,16.32,16.38,16.07,16.21,16.2,0.01,0.0617,36856.12,59662.283
002362.SZ,20191212,16.2,16.33,16.04,16.2,16.22,-0.02,-0.1233,35052.0,56797.444
002362.SZ,20191211,16.4,16.4,16.03,16.22,16.38,-0.16,-0.9768,45345.81,73498.494
002362.SZ,20191210,15.58,16.44,15.58,16.38,15.69,0.69,4.3977,75615.32,122087.765
002362.SZ,20191209,15.65,15.79,15.49,15.69,15.65,0.04,0.2556,28612.01,44837.155
002362.SZ,20191206,15.59,15.7,15.44,15.65,15.61,0.04,0.2562,30482.81,47460.397
002362.SZ,20191205,15.26,15.65,15.23,15.61,15.25,0.36,2.3607,36974.34,57339.149
002362.SZ,20191204,15.22,15.45,15.16,15.25,15.37,-0.12,-0.7807,18820.82,28763.594
002362.SZ,20191203,15.18,15.38,15.16,15.37,15.25,0.12,0.7869,16463.11,25205.016
002362.SZ,20191202,15.51,15.52,15.22,15.25,15.42,-0.17,-1.1025,20434.65,31252.981
002362.SZ,20191129,15.05,15.42,15.02,15.42,15.12,0.3,1.9841,30524.79,46781.082
002362.SZ,20191128,15.1,15.48,15.02,15.12,15.07,0.05,0.3318,26676.23,40653.69
002362.SZ,20191127,14.76,15.28,14.63,15.07,14.76,0.31,2.1003,27450.01,41052.873
002362.SZ,20191126,14.93,15.0,14.68,14.76,14.93,-0.17,-1.1386,17099.0,25328.644
002362.SZ,20191125,15.18,15.23,14.66,14.93,15.18,-0.25,-1.6469,28170.1,41805.601
002362.SZ,20191122,15.32,15.57,15.1,15.18,15.32,-0.14,-0.9138,23588.02,36122.039
002362.SZ,20191121,15.2,15.42,15.16,15.32,15.28,0.04,0.2618,16576.0,25390.831
002362.SZ,20191120,15.57,15.63,15.28,15.28,15.55,-0.27,-1.7363,24559.0,37921.393
002362.SZ,20191119,15.34,15.57,15.3,15.55,15.33,0.22,1.4351,27611.12,42768.672
002362.SZ,20191118,15.13,15.38,15.13,15.33,15.13,0.2,1.3219,21915.12,33472.422
002362.SZ,20191115,15.3,15.49,15.12,15.13,15.32,-0.19,-1.2402,23371.13,35732.538
002362.SZ,20191114,15.32,15.44,15.15,15.32,15.2,0.12,0.7895,23159.0,35450.076
002362.SZ,20191113,15.31,15.35,15.11,15.2,15.35,-0.15,-0.9772,22486.0,34196.461
002362.SZ,20191112,15.45,15.54,14.99,15.35,15.43,-0.08,-0.5185,34293.0,52163.574
002362.SZ,20191111,16.13,16.13,15.33,15.43,16.09,-0.66,-4.1019,43646.0,68119.386
002362.SZ,20191108,16.41,16.51,16.06,16.09,16.26,-0.17,-1.0455,31170.0,50784.105
002362.SZ,20191107,15.88,16.38,15.88,16.26,16.02,0.24,1.4981,29208.0,47342.912
002362.SZ,20191106,16.53,16.55,15.92,16.02,16.48,-0.46,-2.7913,42228.0,68280.205
002362.SZ,20191105,16.36,16.48,16.21,16.48,16.33,0.15,0.9186,29566.03,48484.778
002362.SZ,20191104,16.4,16.75,16.32,16.33,16.33,0.0,0.0,36911.53,60918.184
002362.SZ,20191101,16.2,16.39,16.1,16.33,16.23,0.1,0.6161,35207.03,57286.595
002362.SZ,20191031,16.71,16.82,16.2,16.23,16.76,-0.53,-3.1623,42745.0,70124.626
002362.SZ,20191030,17.29,17.29,16.51,16.76,17.23,-0.47,-2.7278,56667.11,95079.502
002362.SZ,20191029,17.2,17.53,17.03,17.23,17.24,-0.01,-0.058,89040.86,154185.88
002362.SZ,20191028,16.75,17.48,16.71,17.24,16.42,0.82,4.9939,85723.13,147019.308
002362.SZ,20191025,16.41,16.5,16.15,16.42,16.47,-0.05,-0.3036,35927.33,58633.857
002362.SZ,20191024,16.43,16.69,16.18,16.47,16.4,0.07,0.4268,42469.04,69873.225
002362.SZ,20191023,16.74,16.89,16.34,16.4,16.72,-0.32,-1.9139,37382.1,62136.67
002362.SZ,20191022,16.69,16.97,16.52,16.72,16.57,0.15,0.9053,38960.03,65141.228
002362.SZ,20191021,17.0,17.04,16.2,16.57,16.94,-0.37,-2.1842,44246.48,73130.325
002362.SZ,20191018,17.56,17.72,16.82,16.94,17.66,-0.72,-4.077,75374.25,129849.731
002362.SZ,20191017,17.2,17.73,16.86,17.66,17.29,0.37,2.14,81207.55,141692.29
002362.SZ,20191016,17.12,17.78,16.99,17.29,17.12,0.17,0.993,87267.62,151845.048
002362.SZ,20191015,17.68,17.68,17.06,17.12,17.81,-0.69,-3.8742,73644.72,127055.598
002362.SZ,20191014,17.65,17.9,17.35,17.81,17.31,0.5,2.8885,109908.55,193238.359
002362.SZ,20191011,17.68,17.74,17.21,17.31,17.8,-0.49,-2.7528,99192.58,172826.84
002362.SZ,20191010,17.08,17.99,17.03,17.8,17.39,0.41,2.3577,182362.93,320449.133
002362.SZ,20191009,16.18,17.68,15.8,17.39,16.13,1.26,7.8115,171238.86,292171.761
002362.SZ,20191008,17.17,17.22,16.05,16.13,16.73,-0.6,-3.5864,81732.11,135327.312
002362.SZ,20190930,17.39,17.55,16.51,16.73,16.86,-0.13,-0.7711,124273.03,211139.085
002362.SZ,20190927,15.3,16.86,15.3,16.86,15.33,1.53,9.9804,84114.58,137878.888
002362.SZ,20190926,16.42,16.57,15.2,15.33,16.43,-1.1,-6.6951,62865.15,99127.815
002362.SZ,20190925,16.78,17.07,16.27,16.43,16.72,-0.29,-1.7344,55917.0,92650.081
002362.SZ,20190924,17.0,17.03,16.66,16.72,17.03,-0.31,-1.8203,64216.0,108141.67
002362.SZ,20190923,16.62,17.09,16.41,17.03,16.75,0.28,1.6716,99533.54,167929.938
002362.SZ,20190920,16.3,17.0,16.23,16.75,16.25,0.5,3.0769,83127.61,138167.203
002362.SZ,20190919,15.91,16.3,15.91,16.25,15.89,0.36,2.2656,36693.02,59269.001
002362.SZ,20190918,16.15,16.25,15.86,15.89,16.15,-0.26,-1.6099,29649.0,47454.021
002362.SZ,20190917,16.6,16.75,15.88,16.15,16.6,-0.45,-2.7108,51586.9,83737.443
002362.SZ,20190916,16.58,16.79,16.46,16.6,16.58,0.02,0.1206,39626.0,65928.439
002362.SZ,20190912,16.47,16.66,16.37,16.58,16.44,0.14,0.8516,33950.0,56092.125
002362.SZ,20190911,16.8,16.88,16.38,16.44,16.74,-0.3,-1.7921,47202.21,78130.642
002362.SZ,20190910,16.94,16.95,16.55,16.74,16.87,-0.13,-0.7706,79790.01,133553.894
002362.SZ,20190909,16.33,16.87,16.18,16.87,16.22,0.65,4.0074,82760.99,137391.148
002362.SZ,20190906,16.22,16.6,16.03,16.22,16.09,0.13,0.808,53057.56,86505.363
002362.SZ,20190905,16.09,16.45,16.04,16.09,15.96,0.13,0.8145,74908.05,121480.701
002362.SZ,20190904,16.08,16.17,15.75,15.96,15.98,-0.02,-0.1252,48931.24,77950.303
002362.SZ,20190903,16.04,16.35,15.84,15.98,15.94,0.04,0.2509,53717.91,86289.705
002362.SZ,20190902,15.7,16.18,15.65,15.94,15.27,0.67,4.3877,75249.63,120187.203
002362.SZ,20190830,15.81,15.9,15.15,15.27,15.68,-0.41,-2.6148,42423.02,65839.091
002362.SZ,20190829,15.87,16.0,15.63,15.68,15.89,-0.21,-1.3216,41972.4,66299.106
002362.SZ,20190828,15.51,15.95,15.4,15.89,15.56,0.33,2.1208,60682.37,95614.805
002362.SZ,20190827,15.48,15.73,15.3,15.56,15.41,0.15,0.9734,39692.11,61630.856
002362.SZ,20190826,14.83,15.8,14.7,15.41,15.16,0.25,1.6491,38959.56,59333.132
002362.SZ,20190823,15.42,15.55,15.03,15.16,15.35,-0.19,-1.2378,33004.05,50514.921
002362.SZ,20190822,15.15,15.59,15.15,15.35,15.15,0.2,1.3201,36933.4,56807.844
002362.SZ,20190821,15.02,15.31,15.02,15.15,15.08,0.07,0.4642,25394.04,38591.601
002362.SZ,20190820,15.12,15.39,15.07,15.08,15.1,-0.02,-0.1325,37262.33,56732.537
002362.SZ,20190819,14.79,15.14,14.7,15.1,14.62,0.48,3.2832,40799.9,61073.784
002362.SZ,20190816,14.41,14.87,14.38,14.62,14.43,0.19,1.3167,30319.27,44466.169
002362.SZ,20190815,14.21,14.5,13.87,14.43,14.58,-0.15,-1.0288,28206.0,39929.013
002362.SZ,20190814,14.61,14.7,14.51,14.58,14.44,0.14,0.9695,24988.02,36561.028
002362.SZ,20190813,14.34,14.56,14.28,14.44,14.69,-0.25,-1.7018,19128.0,27590.388
002362.SZ,20190812,14.32,14.69,14.3,14.69,14.35,0.34,2.3693,20820.97,30239.289
002362.SZ,20190809,14.59,14.69,14.31,14.35,14.55,-0.2,-1.3746,21507.0,31240.888
002362.SZ,20190808,14.55,14.65,14.47,14.55,14.46,0.09,0.6224,20348.13,29600.417
002362.SZ,20190807,14.77,14.84,14.37,14.46,14.68,-0.22,-1.4986,28950.74,42207.073
002362.SZ,20190806,14.9,14.9,14.3,14.68,15.21,-0.53,-3.4845,43884.28,64068.841
002362.SZ,20190805,15.33,15.65,15.07,15.21,15.46,-0.25,-1.6171,35075.42,53841.241
002362.SZ,20190802,15.75,15.95,15.42,15.46,16.36,-0.9,-5.5012,55009.71,86101.341
002362.SZ,20190801,16.3,16.54,16.07,16.36,16.55,-0.19,-1.148,43260.46,70440.941
002362.SZ,20190731,16.36,16.58,16.2,16.55,16.4,0.15,0.9146,46428.29,76137.598
002362.SZ,20190730,16.56,16.94,16.32,16.4,16.65,-0.25,-1.5015,55493.25,92112.007
002362.SZ,20190729,16.44,17.17,16.3,16.65,16.5,0.15,0.9091,68835.67,115516.579
002362.SZ,20190726,16.43,16.58,16.21,16.5,16.64,-0.14,-0.8413,48543.23,79498.662
002362.SZ,20190725,16.68,16.84,16.42,16.64,16.85,-0.21,-1.2463,74014.66,123111.098
002362.SZ,20190724,16.2,17.29,16.18,16.85,16.48,0.37,2.2451,121592.75,202893.212
002362.SZ,20190723,15.78,16.66,15.78,16.48,16.01,0.47,2.9357,94605.24,154091.629
002362.SZ,20190722,16.93,17.11,15.95,16.01,16.58,-0.57,-3.4379,151819.81,250644.73
002362.SZ,20190719,15.2,16.58,15.05,16.58,15.07,1.51,10.0199,103036.98,168009.427
002362.SZ,20190718,15.15,15.23,14.84,15.07,15.25,-0.18,-1.1803,21960.01,33119.325
002362.SZ,20190717,15.0,15.34,15.0,15.25,15.09,0.16,1.0603,25598.57,38970.968
002362.SZ,20190716,15.0,15.16,14.96,15.09,15.06,0.03,0.1992,14175.67,21361.33
002362.SZ,20190715,14.89,15.15,14.68,15.06,14.86,0.2,1.3459,18860.66,28262.808
002362.SZ,20190712,14.76,15.05,14.68,14.86,14.71,0.15,1.0197,12057.02,17910.602
002362.SZ,20190711,14.92,15.07,14.65,14.71,14.92,-0.21,-1.4075,16929.0,25144.188
002362.SZ,20190710,15.25,15.25,14.86,14.92,15.07,-0.15,-0.9954,22135.41,33306.007
002362.SZ,20190709,14.55,15.1,14.55,15.07,14.62,0.45,3.078,25352.42,37807.131
002362.SZ,20190708,15.15,15.15,14.52,14.62,15.21,-0.59,-3.879,25771.02,37987.389
002362.SZ,20190705,15.18,15.32,15.1,15.21,15.18,0.03,0.1976,18273.26,27784.517
002362.SZ,20190704,15.36,15.45,15.1,15.18,15.53,-0.35,-2.2537,26150.84,39843.587
002362.SZ,20190703,15.5,15.61,15.05,15.53,15.52,0.01,0.0644,30367.24,46600.004
002362.SZ,20190702,15.7,15.7,15.49,15.52,15.69,-0.17,-1.0835,23520.91,36612.897
002362.SZ,20190701,15.31,15.71,15.31,15.69,15.1,0.59,3.9073,38941.07,60508.346
002362.SZ,20190628,15.52,15.65,14.98,15.1,15.54,-0.44,-2.8314,27197.07,41295.239
002362.SZ,20190627,15.65,15.81,15.51,15.54,15.57,-0.03,-0.1927,22151.01,34610.66
002362.SZ,20190626,15.32,15.88,15.32,15.57,15.47,0.1,0.6464,27740.91,43360.868
002362.SZ,20190625,15.74,15.74,15.27,15.47,15.72,-0.25,-1.5903,29032.72,44837.219
002362.SZ,20190624,16.0,16.03,15.62,15.72,15.95,-0.23,-1.442,25745.52,40725.658
002362.SZ,20190621,15.95,16.2,15.81,15.95,15.94,0.01,0.0627,48173.95,77010.142
002362.SZ,20190620,15.61,16.32,15.3,15.94,15.75,0.19,1.2063,69077.75,109084.143
002362.SZ,20190619,15.95,16.08,15.63,15.75,15.77,-0.02,-0.1268,58696.55,92860.584
002362.SZ,20190618,15.21,15.88,15.03,15.77,15.17,0.6,3.9552,53680.55,83359.566
002362.SZ,20190617,15.05,15.33,15.01,15.17,15.11,0.06,0.3971,17363.28,26345.208
002362.SZ,20190614,15.21,15.64,15.11,15.11,15.41,-0.3,-1.9468,26247.73,40398.026
002362.SZ,20190613,15.0,15.55,15.0,15.41,15.13,0.28,1.8506,32148.43,49399.518
002362.SZ,20190612,15.1,15.38,15.1,15.13,15.16,-0.03,-0.1979,22454.11,34148.455
002362.SZ,20190611,14.7,15.2,14.65,15.16,14.65,0.51,3.4812,29326.14,43922.254
002362.SZ,20190610,14.4,14.74,14.4,14.65,14.38,0.27,1.8776,14383.87,21012.625
002362.SZ,20190606,14.85,14.86,14.28,14.38,14.87,-0.49,-3.2952,22214.71,32253.657
002362.SZ,20190605,15.05,15.25,14.79,14.87,15.04,-0.17,-1.1303,22257.05,33323.839
002362.SZ,20190604,15.15,15.45,14.72,15.04,15.17,-0.13,-0.857,32640.12,48968.775
002362.SZ,20190603,15.68,15.68,15.01,15.17,15.74,-0.57,-3.6213,35155.1,53760.515
002362.SZ,20190531,15.41,15.74,15.28,15.74,15.4,0.34,2.2078,41344.34,64410.913
002362.SZ,20190530,15.28,15.8,15.03,15.4,15.37,0.03,0.1952,29669.43,45736.265
002362.SZ,20190529,15.3,15.59,15.21,15.37,15.3,0.07,0.4575,24549.0,37908.242
002362.SZ,20190528,15.42,15.54,15.16,15.3,15.42,-0.12,-0.7782,25548.43,39272.656
002362.SZ,20190527,14.86,15.45,14.8,15.42,14.81,0.61,4.1188,31829.09,48466.737
002362.SZ,20190524,15.04,15.39,14.68,14.81,15.19,-0.38,-2.5016,23354.0,34983.025
002362.SZ,20190523,15.28,15.97,15.04,15.19,15.39,-0.2,-1.2995,37298.76,57606.162
002362.SZ,20190522,15.19,15.5,15.1,15.39,15.19,0.2,1.3167,33862.66,51926.325
002362.SZ,20190521,14.94,15.35,14.68,15.19,14.81,0.38,2.5658,31692.69,47825.789
002362.SZ,20190520,14.96,15.0,14.33,14.81,14.96,-0.15,-1.0027,26240.13,38466.64
002362.SZ,20190517,15.7,15.7,14.85,14.96,15.77,-0.81,-5.1363,40225.15,61403.149
002362.SZ,20190516,15.35,16.25,15.3,15.77,15.33,0.44,2.8702,48508.26,76423.745
002362.SZ,20190515,15.37,15.45,15.22,15.33,15.12,0.21,1.3889,21335.08,32726.946
002362.SZ,20190514,15.06,15.48,15.01,15.12,15.24,-0.12,-0.7874,25612.79,39149.221
002362.SZ,20190513,15.16,15.58,15.02,15.24,15.24,0.0,0.0,27243.34,41716.578
002362.SZ,20190510,14.95,15.27,14.48,15.24,14.79,0.45,3.0426,39687.34,59689.743
002362.SZ,20190509,14.66,14.9,14.53,14.79,14.67,0.12,0.818,24957.16,36916.93
002362.SZ,20190508,14.53,14.97,14.2,14.67,14.8,-0.13,-0.8784,27506.01,40444.183
002362.SZ,20190507,14.65,14.95,14.44,14.8,14.63,0.17,1.162,28716.0,42318.998
002362.SZ,20190506,15.3,15.7,14.5,14.63,16.1,-1.47,-9.1304,40360.0,60966.697
002362.SZ,20190430,15.75,16.19,15.75,16.1,15.75,0.35,2.2222,22816.17,36666.327
002362.SZ,20190429,16.46,16.6,15.33,15.75,16.45,-0.7,-4.2553,38167.98,60921.487
002362.SZ,20190426,16.21,16.72,16.21,16.45,16.41,0.04,0.2438,28435.02,46956.852
002362.SZ,20190425,17.31,17.31,16.3,16.41,17.33,-0.92,-5.3087,43631.34,73710.583
002362.SZ,20190424,17.27,17.39,17.01,17.33,17.07,0.26,1.5231,28287.04,48655.571
002362.SZ,20190423,17.68,17.7,16.98,17.07,17.72,-0.65,-3.6682,38834.06,66893.97
002362.SZ,20190422,17.84,18.28,17.6,17.72,17.81,-0.09,-0.5053,38138.59,68445.706
002362.SZ,20190419,17.91,17.97,17.52,17.81,17.84,-0.03,-0.1682,30616.52,54318.284
002362.SZ,20190418,18.01,18.29,17.8,17.84,18.09,-0.25,-1.382,37710.4,68110.304
002362.SZ,20190417,18.28,18.44,18.05,18.09,18.23,-0.14,-0.768,45464.17,82800.495
002362.SZ,20190416,17.72,18.27,17.43,18.23,17.72,0.51,2.8781,52040.45,93259.676
002362.SZ,20190415,17.84,18.35,17.7,17.72,17.71,0.01,0.0565,39891.02,72141.973
002362.SZ,20190412,17.67,17.82,17.5,17.71,17.68,0.03,0.1697,26325.0,46557.956
002362.SZ,20190411,18.47,18.55,17.62,17.68,18.4,-0.72,-3.913,60891.67,109087.856
002362.SZ,20190410,18.8,18.8,18.3,18.4,18.21,0.19,1.0434,59995.05,110852.731
002362.SZ,20190409,18.03,18.56,17.83,18.21,17.98,0.23,1.2792,53009.14,97073.102
002362.SZ,20190408,18.55,18.8,17.86,17.98,18.47,-0.49,-2.653,59687.67,108747.908
002362.SZ,20190404,18.45,18.79,18.27,18.47,18.4,0.07,0.3804,65586.59,121624.897
002362.SZ,20190403,18.06,18.51,17.91,18.4,18.26,0.14,0.7667,54341.87,99468.223
002362.SZ,20190402,18.22,18.71,18.14,18.26,18.1,0.16,0.884,77102.02,141805.834
002362.SZ,20190401,17.79,18.28,17.53,18.1,17.42,0.68,3.9036,60294.56,108332.331
002362.SZ,20190329,16.97,17.47,16.69,17.42,16.88,0.54,3.1991,47434.02,81306.963
002362.SZ,20190328,17.06,17.51,16.74,16.88,17.08,-0.2,-1.171,41889.0,71653.876
002362.SZ,20190327,17.58,17.58,16.8,17.08,17.32,-0.24,-1.3857,55926.03,95773.989
002362.SZ,20190326,18.4,18.57,17.18,17.32,18.35,-1.03,-5.6131,61899.0,111485.788
002362.SZ,20190325,18.25,18.8,18.18,18.35,19.04,-0.69,-3.6239,58348.97,107991.864
002362.SZ,20190322,18.9,19.06,18.4,19.04,19.18,-0.14,-0.7299,70212.9,131765.375
002362.SZ,20190321,18.56,19.49,18.38,19.18,18.55,0.63,3.3962,113214.13,214606.657
002362.SZ,20190320,19.09,19.19,18.25,18.55,18.86,-0.31,-1.6437,69862.12,130145.207
002362.SZ,20190319,18.22,18.99,18.16,18.86,18.29,0.57,3.1165,86277.72,161123.135
002362.SZ,20190318,18.06,18.32,17.72,18.29,18.05,0.24,1.3296,52612.01,95158.883
002362.SZ,20190315,18.19,18.32,17.7,18.05,18.0,0.05,0.2778,51477.03,92874.429
002362.SZ,20190314,18.63,18.98,17.68,18.0,18.63,-0.63,-3.3816,73043.51,133641.565
002362.SZ,20190313,19.38,19.42,18.4,18.63,19.54,-0.91,-4.6571,105123.64,198555.371
002362.SZ,20190312,20.0,20.7,19.1,19.54,19.82,-0.28,-1.4127,165189.06,327062.006
002362.SZ,20190311,19.45,19.82,18.95,19.82,18.92,0.9,4.7569,152559.75,295469.945
002362.SZ,20190308,18.4,19.66,17.2,18.92,18.85,0.07,0.3714,174017.02,325555.784
002362.SZ,20190307,18.2,20.08,17.85,18.85,18.45,0.4,2.168,141307.46,264818.632
002362.SZ,20190306,18.36,18.6,17.7,18.45,18.37,0.08,0.4355,123386.48,223360.558
002362.SZ,20190305,17.1,18.66,16.9,18.37,17.3,1.07,6.185,152315.7,272489.413
002362.SZ,20190304,17.1,17.83,17.02,17.3,16.89,0.41,2.4275,129943.64,226777.435
002362.SZ,20190301,16.79,16.94,16.36,16.89,17.02,-0.13,-0.7638,89759.31,149616.656
002362.SZ,20190228,17.6,17.7,16.65,17.02,18.2,-1.18,-6.4835,161115.81,276784.011
002362.SZ,20190227,17.6,19.14,17.59,18.2,17.4,0.8,4.5977,283534.44,522899.929
002362.SZ,20190226,15.81,17.4,15.48,17.4,15.82,1.58,9.9874,105191.47,172923.547
002362.SZ,20190225,15.26,15.95,15.18,15.82,15.06,0.76,5.0465,86654.22,134792.915
002362.SZ,20190222,14.46,15.14,14.42,15.06,14.51,0.55,3.7905,62927.67,93868.612
002362.SZ,20190221,14.46,15.02,14.42,14.51,14.53,-0.02,-0.1376,67798.42,99823.736
002362.SZ,20190220,14.51,14.57,14.22,14.53,14.58,-0.05,-0.3429,37330.55,53856.576
002362.SZ,20190219,14.83,14.85,14.4,14.58,14.6,-0.02,-0.137,51477.55,75140.453
002362.SZ,20190218,14.55,14.68,14.25,14.6,14.15,0.45,3.1802,58010.55,84100.057
002362.SZ,20190215,13.91,14.49,13.74,14.15,14.07,0.08,0.5686,45993.24,65420.487
002362.SZ,20190214,13.75,14.45,13.69,14.07,13.82,0.25,1.809,42817.62,60581.84
002362.SZ,20190213,13.57,13.94,13.48,13.82,13.45,0.37,2.7509,33169.97,45709.314
002362.SZ,20190212,13.4,13.56,13.3,13.45,13.4,0.05,0.3731,22487.26,30246.055
002362.SZ,20190211,13.09,13.45,13.08,13.4,13.06,0.34,2.6034,16793.4,22402.571
002362.SZ,20190201,12.68,13.1,12.68,13.06,12.68,0.38,2.9968,19081.0,24662.51
002362.SZ,20190131,12.59,12.92,12.56,12.68,12.58,0.1,0.7949,18830.4,23961.911
002362.SZ,20190130,12.68,12.85,12.58,12.58,12.83,-0.25,-1.9486,16640.13,21166.862
002362.SZ,20190129,13.05,13.1,12.34,12.83,13.14,-0.31,-2.3592,30711.65,39071.29
002362.SZ,20190128,14.01,14.03,13.0,13.14,14.4,-1.26,-8.75,61521.03,82492.779
002362.SZ,20190125,14.71,14.73,14.37,14.4,14.72,-0.32,-2.1739,20291.0,29507.123
002362.SZ,20190124,14.43,14.89,14.43,14.72,14.46,0.26,1.7981,27719.84,40775.532
002362.SZ,20190123,14.4,14.53,14.31,14.46,14.45,0.01,0.0692,10330.0,14892.295
002362.SZ,20190122,14.73,14.73,14.41,14.45,14.63,-0.18,-1.2303,17023.58,24707.148
002362.SZ,20190121,14.54,14.78,14.46,14.63,14.54,0.09,0.619,19776.1,28943.133
002362.SZ,20190118,14.51,14.59,14.3,14.54,14.35,0.19,1.324,18517.53,26750.64
002362.SZ,20190117,14.6,14.77,14.33,14.35,14.71,-0.36,-2.4473,25931.92,37645.684
002362.SZ,20190116,14.82,15.1,14.67,14.71,14.82,-0.11,-0.7422,33806.54,50088.747
002362.SZ,20190115,14.45,14.96,14.38,14.82,14.43,0.39,2.7027,42428.26,62724.321
002362.SZ,20190114,14.57,14.69,14.26,14.43,14.62,-0.19,-1.2996,17097.0,24700.524
002362.SZ,20190111,14.38,14.64,14.38,14.62,14.33,0.29,2.0237,22496.0,32644.862
002362.SZ,20190110,14.38,14.72,14.26,14.33,14.38,-0.05,-0.3477,24626.59,35632.074
002362.SZ,20190109,14.38,15.0,14.31,14.38,14.37,0.01,0.0696,37527.0,55081.126
002362.SZ,20190108,14.48,14.57,14.3,14.37,14.58,-0.21,-1.4403,23377.11,33695.755
002362.SZ,20190107,14.1,14.87,14.01,14.58,14.1,0.48,3.4043,40600.55,58712.996
002362.SZ,20190104,13.4,14.19,13.2,14.1,13.58,0.52,3.8292,28702.3,39853.786
002362.SZ,20190103,13.49,13.75,13.41,13.58,13.5,0.08,0.5926,11481.16,15602.162
002362.SZ,20190102,13.39,13.61,13.38,13.5,13.35,0.15,1.1236,12600.0,17013.96
002362.SZ,20181228,13.26,13.55,13.26,13.35,13.36,-0.01,-0.0749,10713.81,14363.818
002362.SZ,20181227,13.9,13.97,13.35,13.36,13.61,-0.25,-1.8369,14944.81,20557.026
002362.SZ,20181226,13.8,13.94,13.61,13.61,13.84,-0.23,-1.6618,11624.59,15993.896
002362.SZ,20181225,14.03,14.03,13.38,13.84,14.17,-0.33,-2.3289,25321.1,34607.476
002362.SZ,20181224,13.82,14.2,13.82,14.17,13.99,0.18,1.2866,9986.64,14073.601
002362.SZ,20181221,13.87,14.06,13.87,13.99,13.97,0.02,0.1432,11891.58,16609.769
002362.SZ,20181220,13.9,14.04,13.8,13.97,13.98,-0.01,-0.0715,13694.02,19081.113
002362.SZ,20181219,14.08,14.23,13.96,13.98,14.11,-0.13,-0.9213,12012.12,16924.14
002362.SZ,20181218,14.08,14.25,13.95,14.11,14.21,-0.1,-0.7037,15121.1,21287.594
002362.SZ,20181217,14.44,14.58,14.0,14.21,14.45,-0.24,-1.6609,20520.29,29086.008
002362.SZ,20181214,14.9,15.11,14.41,14.45,14.8,-0.35,-2.3649,27923.11,41397.68
002362.SZ,20181213,14.53,14.92,14.53,14.8,14.51,0.29,1.9986,20250.28,29885.923
002362.SZ,20181212,14.76,14.86,14.46,14.51,14.73,-0.22,-1.4936,16963.01,24822.498
002362.SZ,20181211,14.63,14.87,14.63,14.73,14.65,0.08,0.5461,13162.03,19398.568
002362.SZ,20181210,15.29,15.29,14.56,14.65,15.36,-0.71,-4.6224,33341.0,49483.15
002362.SZ,20181207,15.13,15.44,15.0,15.36,15.21,0.15,0.9862,33430.0,50987.829
002362.SZ,20181206,15.08,15.8,14.77,15.21,15.09,0.12,0.7952,43095.04,66097.918
002362.SZ,20181205,14.8,15.19,14.61,15.09,15.18,-0.09,-0.5929,24257.02,36253.928
002362.SZ,20181204,15.27,15.27,15.02,15.18,15.17,0.01,0.0659,21168.52,32116.511
002362.SZ,20181203,15.25,15.4,15.1,15.17,14.77,0.4,2.7082,32745.0,49930.01
002362.SZ,20181130,14.31,14.8,14.22,14.77,14.38,0.39,2.7121,22426.0,32647.585
002362.SZ,20181129,15.12,15.22,14.36,14.38,15.06,-0.68,-4.5153,29976.0,44309.039
002362.SZ,20181128,14.76,15.06,14.5,15.06,14.77,0.29,1.9634,27916.1,41391.212
002362.SZ,20181127,14.68,14.95,14.6,14.77,14.53,0.24,1.6518,24761.15,36593.3
002362.SZ,20181126,14.52,14.76,14.42,14.53,14.51,0.02,0.1378,21419.01,31215.229
002362.SZ,20181123,15.48,15.48,14.3,14.51,15.5,-0.99,-6.3871,46034.52,68507.556
002362.SZ,20181122,15.56,16.09,15.5,15.5,15.51,-0.01,-0.0645,45260.41,71415.422
002362.SZ,20181121,15.1,15.75,15.0,15.51,15.64,-0.13,-0.8312,45009.79,68854.951
002362.SZ,20181120,16.09,16.78,15.55,15.64,15.98,-0.34,-2.1277,85598.94,138290.928
002362.SZ,20181119,15.27,16.15,15.11,15.98,15.25,0.73,4.7869,72085.11,113033.642
002362.SZ,20181116,15.22,15.48,15.03,15.25,15.37,-0.12,-0.7807,57052.12,87116.41
002362.SZ,20181115,14.65,15.58,14.65,15.37,14.65,0.72,4.9147,86930.15,131601.347
002362.SZ,20181114,14.87,14.95,14.62,14.65,14.86,-0.21,-1.4132,34841.0,51436.214
002362.SZ,20181113,14.51,14.95,14.5,14.86,14.76,0.1,0.6775,51083.0,75540.588
002362.SZ,20181112,14.48,14.79,14.3,14.76,14.47,0.29,2.0041,30927.0,45325.058
002362.SZ,20181109,14.42,14.65,14.28,14.47,14.25,0.22,1.5439,23585.0,34189.32
002362.SZ,20181108,14.68,14.8,14.25,14.25,14.54,-0.29,-1.9945,24423.0,35329.178
002362.SZ,20181107,14.56,14.85,14.45,14.54,14.53,0.01,0.0688,31325.74,45935.596
002362.SZ,20181106,14.75,14.75,14.17,14.53,14.95,-0.42,-2.8094,45724.75,66139.53
002362.SZ,20181105,14.9,15.14,14.66,14.95,15.15,-0.2,-1.3201,60372.75,89960.339
002362.SZ,20181102,14.95,15.33,14.67,15.15,14.64,0.51,3.4836,116680.89,174907.372
002362.SZ,20181101,14.64,14.64,14.64,14.64,13.31,1.33,9.9925,25601.28,37480.273
002362.SZ,20181031,13.07,13.44,13.01,13.31,13.08,0.23,1.7584,28258.1,37561.313
002362.SZ,20181030,12.91,13.11,12.7,13.08,12.91,0.17,1.3168,17505.4,22638.906
002362.SZ,20181029,13.02,13.19,12.77,12.91,13.07,-0.16,-1.2242,15926.43,20683.694
002362.SZ,20181026,13.07,13.27,13.0,13.07,12.95,0.12,0.9266,18824.0,24711.641
002362.SZ,20181025,12.59,13.06,12.49,12.95,13.24,-0.29,-2.1903,22428.0,28638.46
002362.SZ,20181024,13.25,13.43,13.05,13.24,13.35,-0.11,-0.824,16655.0,22095.195
002362.SZ,20181023,13.59,13.69,13.15,13.35,13.71,-0.36,-2.6258,32573.19,43699.619
002362.SZ,20181022,13.05,13.87,13.05,13.71,13.03,0.68,5.2187,42933.0,58020.426
002362.SZ,20181019,13.3,13.3,12.66,13.03,12.86,0.17,1.3219,33471.0,43363.144
002362.SZ,20181018,12.61,13.1,12.43,12.86,12.72,0.14,1.1006,33637.38,43275.656
002362.SZ,20181017,12.7,12.76,12.35,12.72,12.4,0.32,2.5806,22486.35,28370.314
002362.SZ,20181016,12.8,13.0,12.28,12.4,12.71,-0.31,-2.439,21292.0,26868.283
002362.SZ,20181015,13.01,13.19,12.65,12.71,13.07,-0.36,-2.7544,20938.0,27216.676
002362.SZ,20181012,13.58,13.58,12.47,13.07,13.86,-0.79,-5.6999,48466.98,62773.847
002362.SZ,20181011,14.87,14.87,13.86,13.86,15.4,-1.54,-10.0,31320.93,44188.295
002362.SZ,20181010,15.53,15.69,15.23,15.4,15.52,-0.12,-0.7732,11756.01,18153.708
002362.SZ,20181009,15.62,15.75,15.47,15.52,15.59,-0.07,-0.449,11098.28,17324.604
002362.SZ,20181008,16.36,16.36,15.56,15.59,16.51,-0.92,-5.5724,19343.02,30732.894
002362.SZ,20180928,16.4,16.63,16.4,16.51,16.39,0.12,0.7322,10363.56,17103.943
002362.SZ,20180927,16.8,16.92,16.39,16.39,16.81,-0.42,-2.4985,19480.0,32365.094
002362.SZ,20180926,16.89,17.02,16.74,16.81,16.89,-0.08,-0.4737,16126.0,27226.304
002362.SZ,20180925,16.7,16.99,16.65,16.89,16.89,0.0,0.0,14336.02,24169.802
002362.SZ,20180921,16.8,16.93,16.61,16.89,16.73,0.16,0.9564,19544.01,32869.791
002362.SZ,20180920,16.88,16.89,16.71,16.73,16.88,-0.15,-0.8886,13172.0,22121.642
002362.SZ,20180919,16.62,16.97,16.47,16.88,16.7,0.18,1.0778,23554.53,39440.113
002362.SZ,20180918,16.57,16.7,16.2,16.7,16.54,0.16,0.9674,21821.13,35930.252
002362.SZ,20180917,16.75,16.84,16.5,16.54,16.75,-0.21,-1.2537,12199.0,20264.881
002362.SZ,20180914,16.97,16.98,16.72,16.75,16.91,-0.16,-0.9462,13362.21,22486.811
002362.SZ,20180913,16.84,17.05,16.72,16.91,16.73,0.18,1.0759,14420.01,24311.059
002362.SZ,20180912,16.73,16.86,16.64,16.73,16.71,0.02,0.1197,11380.0,19075.18
002362.SZ,20180911,16.79,16.83,16.56,16.71,16.63,0.08,0.4811,12873.0,21468.765
002362.SZ,20180910,17.08,17.27,16.63,16.63,17.07,-0.44,-2.5776,21755.1,36661.692
002362.SZ,20180907,17.19,17.6,16.92,17.07,17.27,-0.2,-1.1581,21725.12,37405.316
002362.SZ,20180906,17.13,17.5,17.06,17.27,17.13,0.14,0.8173,19537.1,33828.984
002362.SZ,20180905,17.51,17.64,17.12,17.13,17.65,-0.52,-2.9462,17711.06,30799.498
002362.SZ,20180904,17.5,17.74,17.29,17.65,17.48,0.17,0.9725,16153.0,28288.215
002362.SZ,20180903,17.56,17.56,17.13,17.48,17.61,-0.13,-0.7382,16791.01,29093.23
002362.SZ,20180831,17.73,17.95,17.6,17.61,17.85,-0.24,-1.3445,14491.28,25732.274
002362.SZ,20180830,18.21,18.3,17.8,17.85,18.3,-0.45,-2.459,21867.02,39304.115
002362.SZ,20180829,18.18,18.89,18.0,18.3,18.2,0.1,0.5495,34084.01,62575.507
002362.SZ,20180828,18.21,18.3,18.07,18.2,18.2,0.0,0.0,15384.31,27934.392
002362.SZ,20180827,17.78,18.26,17.78,18.2,17.78,0.42,2.3622,25119.01,45481.203
002362.SZ,20180824,17.86,17.97,17.68,17.78,17.86,-0.08,-0.4479,11491.1,20481.746
002362.SZ,20180823,17.7,18.05,17.7,17.86,17.7,0.16,0.904,15988.0,28603.36
002362.SZ,20180822,18.1,18.1,17.69,17.7,18.12,-0.42,-2.3179,14555.28,25934.019
002362.SZ,20180821,17.99,18.18,17.81,18.12,18.0,0.12,0.6667,19065.83,34418.09
002362.SZ,20180820,17.68,18.0,17.46,18.0,17.62,0.38,2.1566,20244.83,35912.058
002362.SZ,20180817,18.08,18.5,17.61,17.62,17.96,-0.34,-1.8931,19427.0,35081.154
002362.SZ,20180816,17.56,18.33,17.55,17.96,18.06,-0.1,-0.5537,20386.01,36782.351
002362.SZ,20180815,18.56,18.71,18.01,18.06,18.53,-0.47,-2.5364,21090.0,38625.893
002362.SZ,20180814,18.6,18.84,18.45,18.53,18.81,-0.28,-1.4886,24161.91,44927.82
002362.SZ,20180813,17.81,19.5,17.71,18.81,18.09,0.72,3.9801,47346.29,87952.387
002362.SZ,20180810,17.8,18.33,17.77,18.09,17.86,0.23,1.2878,28308.78,51136.542
002362.SZ,20180809,17.21,18.05,17.15,17.86,17.35,0.51,2.9395,31509.77,56052.522
002362.SZ,20180808,17.76,17.77,17.28,17.35,17.63,-0.28,-1.5882,20823.06,36510.688
002362.SZ,20180807,17.22,17.63,17.08,17.63,17.18,0.45,2.6193,20413.65,35566.614
002362.SZ,20180806,17.6,17.98,16.99,17.18,17.81,-0.63,-3.5373,24149.33,42112.055
002362.SZ,20180803,18.18,18.33,17.8,17.81,18.17,-0.36,-1.9813,19065.5,34353.567
002362.SZ,20180802,19.15,19.2,17.46,18.17,19.14,-0.97,-5.0679,46126.02,84233.813
002362.SZ,20180801,19.47,19.57,19.13,19.14,19.38,-0.24,-1.2384,20935.09,40537.996
002362.SZ,20180731,19.3,19.53,19.24,19.38,19.3,0.08,0.4145,16801.82,32569.431
002362.SZ,20180730,19.58,19.79,19.11,19.3,19.72,-0.42,-2.1298,33552.64,65006.439
002362.SZ,20180727,20.0,20.08,19.68,19.72,20.44,-0.72,-3.5225,49250.21,97764.455
002362.SZ,20180726,20.01,20.98,19.81,20.44,20.14,0.3,1.4896,71872.63,146437.377
002362.SZ,20180725,20.36,20.5,19.91,20.14,20.09,0.05,0.2489,41181.42,82992.162
002362.SZ,20180724,19.92,20.18,19.78,20.09,19.9,0.19,0.9548,38319.13,76776.254
002362.SZ,20180723,19.5,19.93,19.4,19.9,19.52,0.38,1.9467,30675.1,60648.051
002362.SZ,20180720,19.33,19.58,19.15,19.52,19.23,0.29,1.5081,24162.35,46934.772
002362.SZ,20180719,19.51,19.66,19.1,19.23,19.64,-0.41,-2.09,26730.16,51656.378
002362.SZ,20180718,19.9,20.08,19.61,19.64,19.9,-0.26,-1.31,26575.12,52681.547
002362.SZ,20180717,20.02,20.05,19.52,19.9,20.06,-0.16,-0.8,31266.0,61837.892
002362.SZ,20180716,19.85,20.2,19.66,20.06,19.81,0.25,1.26,35791.26,71588.192
002362.SZ,20180713,19.7,19.95,19.67,19.81,19.78,0.03,0.15,34052.13,67442.95
002362.SZ,20180712,19.13,19.94,19.0,19.78,19.13,0.65,3.4,47668.39,93800.296
002362.SZ,20180711,19.7,19.7,18.78,19.13,19.9,-0.77,-3.87,37246.61,71330.532
002362.SZ,20180710,19.76,19.96,19.62,19.9,19.75,0.15,0.76,21942.64,43424.912
002362.SZ,20180709,19.54,19.8,19.45,19.75,19.35,0.4,2.07,24283.22,47812.275
002362.SZ,20180706,19.02,19.68,18.83,19.35,18.98,0.37,1.95,35776.92,69131.127
002362.SZ,20180705,19.52,19.75,18.96,18.98,19.57,-0.59,-3.01,24646.45,47769.605
002362.SZ,20180704,20.1,20.1,19.4,19.57,20.24,-0.67,-3.31,35037.4,69065.034
002362.SZ,20180703,19.74,20.42,19.55,20.24,19.74,0.5,2.53,39707.93,79301.951
002362.SZ,20180702,20.19,20.25,19.52,19.74,20.12,-0.38,-1.89,32702.21,65202.89
002362.SZ,20180629,19.54,20.19,19.1,20.12,19.4,0.72,3.71,41946.0,83117.777
002362.SZ,20180628,19.56,19.94,19.39,19.4,19.79,-0.39,-1.97,26184.01,51549.494
002362.SZ,20180627,19.52,19.81,19.32,19.79,19.51,0.28,1.44,25208.94,49296.608
002362.SZ,20180626,18.79,19.67,18.56,19.51,19.11,0.4,2.09,32521.14,62861.057
002362.SZ,20180625,19.3,19.47,19.11,19.11,19.08,0.03,0.16,24145.81,46531.758
002362.SZ,20180622,18.58,19.25,18.52,19.08,18.75,0.33,1.76,27945.13,53065.343
002362.SZ,20180621,19.63,19.75,18.61,18.75,19.57,-0.82,-4.19,40052.91,76554.823
002362.SZ,20180620,19.16,19.93,19.01,19.57,19.15,0.42,2.19,35842.88,69719.371
002362.SZ,20180619,20.71,20.71,18.95,19.15,21.05,-1.9,-9.03,55884.33,109943.502
002362.SZ,20180615,21.91,22.0,20.87,21.05,21.87,-0.82,-3.75,41541.11,88002.794
002362.SZ,20180614,21.55,22.08,21.55,21.87,21.77,0.1,0.46,26401.12,57691.497
002362.SZ,20180613,22.27,22.48,21.72,21.77,22.29,-0.52,-2.33,28751.99,63455.173
002362.SZ,20180612,21.84,22.38,21.82,22.29,21.94,0.35,1.6,31579.84,69859.754
002362.SZ,20180611,22.26,22.26,21.8,21.94,22.22,-0.28,-1.26,25231.34,55472.298
002362.SZ,20180608,22.76,22.76,21.9,22.22,22.69,-0.47,-2.07,39297.02,87518.472
002362.SZ,20180607,22.9,23.2,22.61,22.69,22.58,0.11,0.49,34291.94,78346.272
002362.SZ,20180606,22.9,23.27,22.58,22.58,22.9,-0.32,-1.4,43557.69,99963.714
002362.SZ,20180605,22.74,23.4,22.52,22.9,22.78,0.12,0.53,43367.04,99683.255
002362.SZ,20180604,22.12,22.9,22.03,22.78,22.01,0.77,3.5,43270.11,97128.191
002362.SZ,20180601,21.64,22.65,21.44,22.01,21.71,0.3,1.38,43039.78,95043.751
002362.SZ,20180531,21.55,21.88,21.3,21.71,21.34,0.37,1.73,36479.32,78837.639
002362.SZ,20180530,22.2,22.25,21.25,21.34,22.8,-1.46,-6.4,56104.12,122504.488
002362.SZ,20180529,22.78,23.25,22.7,22.8,22.67,0.13,0.57,39058.04,89897.293
002362.SZ,20180528,22.5,23.24,22.5,22.67,22.95,-0.28,-1.22,39136.46,89525.989
002362.SZ,20180525,23.8,23.87,22.82,22.95,23.88,-0.93,-3.89,70144.02,163258.853
002362.SZ,20180524,24.41,24.49,23.88,23.88,24.53,-0.65,-2.65,49141.32,118612.022
002362.SZ,20180523,24.47,24.77,24.2,24.53,24.51,0.02,0.08,48362.44,118333.503
002362.SZ,20180522,24.62,24.78,24.16,24.51,24.61,-0.1,-0.41,41546.92,101347.297
002362.SZ,20180521,24.5,24.9,24.4,24.61,24.33,0.28,1.15,50708.33,125250.636
002362.SZ,20180518,24.06,24.48,23.9,24.33,24.16,0.17,0.7,43091.14,104574.856
002362.SZ,20180517,24.67,24.79,24.01,24.16,24.64,-0.48,-1.95,62237.52,151186.143
002362.SZ,20180516,25.64,25.64,24.56,24.64,25.76,-1.12,-4.35,92416.0,232143.259
002362.SZ,20180515,25.33,25.88,25.16,25.76,25.47,0.29,1.14,83265.31,212733.166
002362.SZ,20180514,25.6,25.95,25.24,25.47,25.58,-0.11,-0.43,91641.5,233836.062
002362.SZ,20180511,24.85,25.82,24.6,25.58,24.79,0.79,3.19,129140.7,327048.938
002362.SZ,20180510,25.0,25.2,24.52,24.79,24.97,-0.18,-0.72,50614.02,125428.743
002362.SZ,20180509,24.76,25.11,24.52,24.97,24.94,0.03,0.12,61295.51,152301.136
002362.SZ,20180508,24.53,25.0,24.37,24.94,24.51,0.43,1.75,77487.73,191637.286
002362.SZ,20180507,23.99,24.68,23.9,24.51,23.75,0.76,3.2,66171.56,161557.436
002362.SZ,20180504,24.18,24.44,23.75,23.75,24.46,-0.71,-2.9,59475.0,143364.097
002362.SZ,20180503,23.84,24.49,23.08,24.46,24.01,0.45,1.87,94891.38,225950.643
002362.SZ,20180502,25.02,25.45,23.58,24.01,25.33,-1.32,-5.21,113861.38,279460.229
002362.SZ,20180427,26.1,26.14,25.02,25.33,26.04,-0.71,-2.73,97324.5,248567.945
002362.SZ,20180426,25.7,26.37,25.2,26.04,25.83,0.21,0.81,141079.02,364958.155
002362.SZ,20180425,26.1,27.18,25.8,25.83,26.48,-0.65,-2.45,189749.64,502115.533
002362.SZ,20180424,25.5,26.5,25.02,26.48,25.81,0.67,2.6,208790.66,539257.559
002362.SZ,20180423,24.75,26.5,24.29,25.81,24.6,1.21,4.92,233283.22,593631.065
002362.SZ,20180420,24.38,24.9,24.13,24.6,24.61,-0.01,-0.04,101417.12,248424.321
002362.SZ,20180419,23.9,24.97,23.66,24.61,23.9,0.71,2.97,144020.3,351629.605
002362.SZ,20180418,23.18,24.0,22.17,23.9,23.03,0.87,3.78,91259.4,211232.439
002362.SZ,20180417,24.3,24.32,23.01,23.03,24.21,-1.18,-4.87,83363.37,197213.038
002362.SZ,20180416,23.37,24.25,23.23,24.21,23.62,0.59,2.5,84758.39,201962.827
002362.SZ,20180413,23.81,24.25,23.51,23.62,23.8,-0.18,-0.76,69537.07,166055.482
002362.SZ,20180412,23.27,23.95,23.07,23.8,23.27,0.53,2.28,75179.02,176809.043
002362.SZ,20180411,23.47,23.74,23.14,23.27,23.37,-0.1,-0.43,55239.02,129704.613
002362.SZ,20180410,23.6,23.92,23.06,23.37,23.54,-0.17,-0.72,55452.01,130025.121
002362.SZ,20180409,23.12,23.69,23.07,23.54,23.23,0.31,1.33,49766.02,116606.555
002362.SZ,20180404,24.01,24.38,23.12,23.23,23.96,-0.73,-3.05,62563.01,148920.242
002362.SZ,20180403,23.61,24.05,23.18,23.96,24.17,-0.21,-0.87,80258.02,190114.819
002362.SZ,20180402,24.05,24.97,23.91,24.17,23.9,0.27,1.13,115741.04,282117.779
002362.SZ,20180330,23.21,24.03,22.96,23.9,22.97,0.93,4.05,93045.88,219494.614
002362.SZ,20180329,22.95,23.18,22.6,22.97,22.81,0.16,0.7,53624.03,122897.013
002362.SZ,20180328,22.28,23.1,22.25,22.81,22.74,0.07,0.31,66212.61,151159.094
002362.SZ,20180327,22.03,22.95,22.0,22.74,21.8,0.94,4.31,76942.99,173930.997
002362.SZ,20180326,20.8,21.88,20.2,21.8,21.09,0.71,3.37,65967.01,140630.242
002362.SZ,20180323,22.42,22.95,21.07,21.09,23.41,-2.32,-9.91,107140.68,235364.825
002362.SZ,20180322,23.5,24.15,23.38,23.41,23.58,-0.17,-0.72,58244.21,137916.083
002362.SZ,20180321,24.09,24.68,23.51,23.58,23.86,-0.28,-1.17,84386.06,204215.803
002362.SZ,20180320,23.79,23.97,23.2,23.86,24.27,-0.41,-1.69,70015.15,165426.888
002362.SZ,20180319,23.64,24.46,23.64,24.27,23.84,0.43,1.8,62236.19,150716.121
002362.SZ,20180316,24.18,24.58,23.8,23.84,24.36,-0.52,-2.13,62404.34,150825.543
002362.SZ,20180315,24.46,24.99,23.4,24.36,24.71,-0.35,-1.42,113214.02,273763.274
002362.SZ,20180314,25.02,25.49,24.69,24.71,25.48,-0.77,-3.02,106857.15,267280.574
002362.SZ,20180313,24.33,26.15,24.15,25.48,24.55,0.93,3.79,199257.02,504776.258
002362.SZ,20180312,24.9,25.48,24.28,24.55,24.12,0.43,1.78,148044.42,368224.653
002362.SZ,20180309,23.1,24.14,22.9,24.12,23.03,1.09,4.73,115817.74,274324.351
002362.SZ,20180308,22.8,23.31,22.71,23.03,22.95,0.08,0.35,55397.77,127581.155
002362.SZ,20180307,23.39,23.54,22.7,22.95,23.56,-0.61,-2.59,86085.39,198309.03
002362.SZ,20180306,23.52,24.3,23.22,23.56,23.81,-0.25,-1.05,114373.03,271012.482
002362.SZ,20180305,23.04,23.94,22.71,23.81,23.1,0.71,3.07,107006.08,250556.846
002362.SZ,20180302,22.35,24.74,21.97,23.1,22.71,0.39,1.72,135615.18,311624.349
002362.SZ,20180301,21.66,22.85,21.5,22.71,21.72,0.99,4.56,107657.81,241170.222
002362.SZ,20180228,21.58,22.37,21.5,21.72,21.85,-0.13,-0.6,59774.15,131158.453
002362.SZ,20180227,21.63,22.38,21.52,21.85,21.4,0.45,2.1,63596.03,139287.553
002362.SZ,20180226,21.16,21.88,21.16,21.4,21.02,0.38,1.81,60888.95,131067.696
002362.SZ,20180223,20.95,21.21,20.79,21.02,21.13,-0.11,-0.52,26853.23,56324.376
002362.SZ,20180222,20.47,21.28,20.47,21.13,20.39,0.74,3.63,35607.88,74723.575
002362.SZ,20180214,20.14,20.46,20.0,20.39,20.19,0.2,0.99,22318.74,45240.255
002362.SZ,20180213,20.51,20.6,20.11,20.19,20.34,-0.15,-0.74,37324.41,75915.661
002362.SZ,20180212,19.54,20.65,19.54,20.34,19.35,0.99,5.12,49415.03,99863.916
002362.SZ,20180209,19.1,19.75,19.0,19.35,19.9,-0.55,-2.76,47068.03,91432.562
002362.SZ,20180208,19.47,20.17,19.4,19.9,19.29,0.61,3.16,45300.06,89850.168
002362.SZ,20180207,19.52,19.68,18.42,19.29,19.01,0.28,1.47,54019.46,103472.166
002362.SZ,20180206,20.86,20.87,19.0,19.01,21.11,-2.1,-9.95,74224.38,147703.011
002362.SZ,20180205,20.93,21.76,20.89,21.11,21.47,-0.36,-1.68,32284.01,69115.895
002362.SZ,20180202,20.88,21.95,20.82,21.47,21.38,0.09,0.42,38917.41,83494.76
002362.SZ,20180201,23.0,23.13,20.65,21.38,22.88,-1.5,-6.56,64724.15,142681.869
002362.SZ,20180131,23.78,23.88,22.8,22.88,23.96,-1.08,-4.51,54428.52,125768.562
002362.SZ,20180130,23.99,24.29,23.78,23.96,24.09,-0.13,-0.54,31440.95,75370.467
002362.SZ,20180129,24.62,24.99,23.86,24.09,24.5,-0.41,-1.67,49756.43,120964.871
002362.SZ,20180126,24.42,24.87,24.3,24.5,24.57,-0.07,-0.28,49495.74,121787.009
002362.SZ,20180125,25.0,25.45,24.55,24.57,25.12,-0.55,-2.19,83140.45,207133.95
002362.SZ,20180124,23.68,25.47,23.68,25.12,24.03,1.09,4.54,126915.29,312820.854
002362.SZ,20180123,23.89,24.28,23.66,24.03,23.91,0.12,0.5,51166.04,122438.259
002362.SZ,20180122,23.1,24.5,22.59,23.91,23.23,0.68,2.93,85715.06,203458.73
002362.SZ,20180119,23.12,23.66,23.12,23.23,23.35,-0.12,-0.51,39652.7,92540.193
002362.SZ,20180118,23.63,23.79,23.33,23.35,23.36,-0.01,-0.04,38256.04,90021.496
002362.SZ,20180117,23.7,23.7,22.2,23.36,23.78,-0.42,-1.77,72420.04,166698.348
002362.SZ,20180116,23.47,23.93,23.25,23.78,23.55,0.23,0.98,61021.43,143838.739
002362.SZ,20180115,24.62,24.75,23.46,23.55,25.04,-1.49,-5.95,88959.88,214313.4
002362.SZ,20180112,25.79,25.79,24.89,25.04,25.95,-0.91,-3.51,111390.03,281491.653
002362.SZ,20180111,24.1,25.97,24.01,25.95,24.37,1.58,6.48,174599.56,442694.326
002362.SZ,20180110,24.67,24.81,23.9,24.37,24.77,-0.4,-1.61,69402.9,169002.228
002362.SZ,20180109,25.06,25.07,24.5,24.77,25.08,-0.31,-1.24,71206.01,176027.553
002362.SZ,20180108,25.51,25.98,24.72,25.08,25.51,-0.43,-1.69,83468.51,209797.495
002362.SZ,20180105,25.61,26.2,25.35,25.51,25.32,0.19,0.75,136026.69,350154.533
002362.SZ,20180104,25.26,25.55,24.93,25.32,25.32,0.0,0.0,88055.96,221884.218
002362.SZ,20180103,25.16,25.39,24.75,25.32,25.15,0.17,0.68,104100.84,261538.715
002362.SZ,20180102,24.49,25.17,24.33,25.15,24.49,0.66,2.7,87858.4,218575.507
