ts_code,trade_date,open,high,low,close,pre_close,change,pct_chg,vol,amount
300774.SZ,20250627,8.65,8.79,8.65,8.7,8.65,0.05,0.578,26450.0,23038.071
300774.SZ,20250626,8.7,8.73,8.62,8.65,8.71,-0.06,-0.6889,22622.14,19603.814
300774.SZ,20250625,8.67,8.76,8.62,8.71,8.7,0.01,0.1149,26732.0,23235.255
300774.SZ,20250624,8.62,8.71,8.55,8.7,8.55,0.15,1.7544,30051.0,25991.859
300774.SZ,20250623,8.34,8.58,8.3,8.55,8.34,0.21,2.518,30497.0,25912.875
300774.SZ,20250620,8.42,8.5,8.31,8.34,8.42,-0.08,-0.9501,24168.0,20257.878
300774.SZ,20250619,8.64,8.67,8.4,8.42,8.64,-0.22,-2.5463,31710.0,26939.13
300774.SZ,20250618,8.7,8.71,8.59,8.64,8.72,-0.08,-0.9174,20747.49,17911.351
300774.SZ,20250617,8.67,8.75,8.6,8.72,8.64,0.08,0.9259,34027.61,29585.317
300774.SZ,20250616,8.55,8.65,8.53,8.64,8.56,0.08,0.9346,27601.26,23765.521
300774.SZ,20250613,8.63,8.72,8.56,8.56,8.63,-0.07,-0.8111,36549.0,31529.609
300774.SZ,20250612,8.7,8.7,8.58,8.63,8.66,-0.03,-0.3464,20288.0,17497.982
300774.SZ,20250611,8.61,8.73,8.58,8.66,8.58,0.08,0.9324,27311.0,23669.316
300774.SZ,20250610,8.63,8.67,8.47,8.58,8.63,-0.05,-0.5794,37194.0,31908.761
300774.SZ,20250609,8.53,8.74,8.49,8.63,8.52,0.11,1.2911,37096.74,31913.315
300774.SZ,20250606,8.44,8.61,8.44,8.52,8.46,0.06,0.7092,27010.0,22994.918
300774.SZ,20250605,8.44,8.48,8.37,8.46,8.44,0.02,0.237,21790.0,18390.116
300774.SZ,20250604,8.44,8.46,8.34,8.44,8.39,0.05,0.5959,28409.74,23868.519
300774.SZ,20250603,8.24,8.48,8.22,8.39,8.25,0.14,1.697,42824.42,35989.265
300774.SZ,20250530,8.5,8.55,8.24,8.25,8.43,-0.18,-2.1352,38008.0,31677.431
300774.SZ,20250529,8.31,8.49,8.28,8.43,8.26,0.17,2.0581,39119.12,32904.253
300774.SZ,20250528,8.44,8.56,8.4,8.46,8.44,0.02,0.237,33676.0,28616.511
300774.SZ,20250527,8.4,8.49,8.32,8.44,8.39,0.05,0.5959,33983.0,28560.185
300774.SZ,20250526,8.37,8.47,8.28,8.39,8.37,0.02,0.2389,24972.0,20909.33
300774.SZ,20250523,8.4,8.56,8.35,8.37,8.41,-0.04,-0.4756,26377.0,22296.051
300774.SZ,20250522,8.6,8.68,8.41,8.41,8.6,-0.19,-2.2093,29382.0,24987.532
300774.SZ,20250521,8.75,8.83,8.53,8.6,8.74,-0.14,-1.6018,42080.0,36389.049
300774.SZ,20250520,8.58,8.8,8.58,8.74,8.58,0.16,1.8648,57387.44,49790.221
300774.SZ,20250519,8.5,8.59,8.42,8.58,8.5,0.08,0.9412,30621.0,26119.544
300774.SZ,20250516,8.44,8.56,8.42,8.5,8.44,0.06,0.7109,18660.0,15876.451
300774.SZ,20250515,8.5,8.54,8.42,8.44,8.51,-0.07,-0.8226,22694.0,19221.016
300774.SZ,20250514,8.48,8.54,8.37,8.51,8.5,0.01,0.1176,31660.44,26733.874
300774.SZ,20250513,8.63,8.65,8.47,8.5,8.59,-0.09,-1.0477,28021.0,23909.382
300774.SZ,20250512,8.61,8.69,8.54,8.59,8.57,0.02,0.2334,24067.0,20650.15
300774.SZ,20250509,8.71,8.72,8.56,8.57,8.72,-0.15,-1.7202,22379.0,19305.907
300774.SZ,20250508,8.52,8.73,8.51,8.72,8.55,0.17,1.9883,28164.44,24399.73
300774.SZ,20250507,8.59,8.65,8.48,8.55,8.53,0.02,0.2345,25934.0,22221.131
300774.SZ,20250506,8.32,8.54,8.32,8.53,8.3,0.23,2.7711,29745.0,25269.712
300774.SZ,20250430,8.34,8.41,8.29,8.3,8.33,-0.03,-0.3601,23439.0,19589.133
300774.SZ,20250429,8.22,8.44,8.16,8.33,8.18,0.15,1.8337,29661.91,24789.596
300774.SZ,20250428,8.4,8.45,8.16,8.18,8.45,-0.27,-3.1953,27202.0,22420.873
300774.SZ,20250425,8.35,8.53,8.26,8.45,8.36,0.09,1.0766,27740.0,23315.591
300774.SZ,20250424,8.43,8.48,8.3,8.36,8.46,-0.1,-1.182,24847.0,20841.549
300774.SZ,20250423,8.48,8.52,8.42,8.46,8.4,0.06,0.7143,30261.0,25662.984
300774.SZ,20250422,8.3,8.53,8.28,8.4,8.28,0.12,1.4493,40801.0,34341.534
300774.SZ,20250421,8.37,8.37,8.15,8.28,8.34,-0.06,-0.7194,42373.0,34867.294
300774.SZ,20250418,8.36,8.4,8.26,8.34,8.37,-0.03,-0.3584,21137.0,17588.356
300774.SZ,20250417,8.28,8.48,8.22,8.37,8.25,0.12,1.4545,29769.0,24952.45
300774.SZ,20250416,8.37,8.39,8.06,8.25,8.39,-0.14,-1.6687,30865.0,25387.793
300774.SZ,20250415,8.22,8.41,8.2,8.39,8.22,0.17,2.0681,32128.88,26688.442
300774.SZ,20250414,8.17,8.31,8.14,8.22,8.1,0.12,1.4815,27214.42,22369.872
300774.SZ,20250411,8.03,8.22,8.0,8.1,8.04,0.06,0.7463,30385.0,24686.911
300774.SZ,20250410,8.01,8.31,8.01,8.04,7.98,0.06,0.7519,45151.0,36836.487
300774.SZ,20250409,7.52,8.05,7.0,7.98,7.6,0.38,5.0,70080.0,53400.658
300774.SZ,20250408,7.3,7.79,7.3,7.6,7.32,0.28,3.8251,72072.0,54542.087
300774.SZ,20250407,8.62,8.63,7.16,7.32,8.91,-1.59,-17.8451,95520.0,74731.919
300774.SZ,20250403,8.84,9.02,8.75,8.91,8.89,0.02,0.225,33348.0,29637.438
300774.SZ,20250402,8.86,8.98,8.82,8.89,8.9,-0.01,-0.1124,24472.0,21816.352
300774.SZ,20250401,8.71,9.0,8.71,8.9,8.71,0.19,2.1814,34213.0,30468.879
300774.SZ,20250331,8.91,8.92,8.58,8.71,8.87,-0.16,-1.8038,38995.0,33933.089
300774.SZ,20250328,9.1,9.18,8.82,8.87,9.17,-0.3,-3.2715,44371.0,39816.783
300774.SZ,20250327,8.9,9.42,8.8,9.17,8.93,0.24,2.6876,82629.42,75063.346
300774.SZ,20250326,8.7,8.96,8.7,8.93,8.76,0.17,1.9406,39546.12,35206.373
300774.SZ,20250325,8.59,8.82,8.51,8.76,8.61,0.15,1.7422,49529.0,43150.409
300774.SZ,20250324,9.11,9.12,8.44,8.61,9.14,-0.53,-5.7987,95242.4,83549.448
300774.SZ,20250321,9.18,9.32,9.11,9.14,9.24,-0.1,-1.0823,53346.12,49081.0
300774.SZ,20250320,9.29,9.32,9.09,9.24,9.43,-0.19,-2.0148,95090.12,87424.348
300774.SZ,20250319,9.53,9.57,9.37,9.43,9.56,-0.13,-1.3598,64494.28,60870.106
300774.SZ,20250318,9.55,9.61,9.46,9.56,9.58,-0.02,-0.2088,100475.18,95811.645
300774.SZ,20250317,9.7,9.74,9.54,9.58,9.78,-0.2,-2.045,113494.09,108767.545
300774.SZ,20250314,9.79,9.96,9.56,9.78,9.97,-0.19,-1.9057,195004.81,189165.474
300774.SZ,20250313,9.53,10.13,9.25,9.97,9.21,0.76,8.2519,302961.65,293772.93
300774.SZ,20250312,8.89,9.3,8.84,9.21,8.89,0.32,3.5996,76698.44,69777.569
300774.SZ,20250311,8.89,8.93,8.78,8.89,8.96,-0.07,-0.7813,20543.0,18183.019
300774.SZ,20250310,8.87,9.01,8.81,8.96,8.8,0.16,1.8182,26885.13,24031.971
300774.SZ,20250307,8.95,8.95,8.77,8.8,8.95,-0.15,-1.676,21134.0,18699.579
300774.SZ,20250306,8.8,8.96,8.77,8.95,8.73,0.22,2.52,34200.0,30380.33
300774.SZ,20250305,8.95,8.95,8.65,8.73,8.88,-0.15,-1.6892,35493.0,30943.065
300774.SZ,20250304,8.83,8.92,8.77,8.88,8.83,0.05,0.5663,21706.0,19237.625
300774.SZ,20250303,8.77,8.96,8.77,8.83,8.76,0.07,0.7991,27103.0,24091.787
300774.SZ,20250228,9.06,9.06,8.76,8.76,9.07,-0.31,-3.4179,29843.0,26518.732
300774.SZ,20250227,9.15,9.25,8.93,9.07,9.16,-0.09,-0.9825,38244.0,34620.547
300774.SZ,20250226,9.08,9.25,9.07,9.16,9.08,0.08,0.8811,30444.0,27961.076
300774.SZ,20250225,9.09,9.2,9.08,9.08,9.2,-0.12,-1.3043,22862.0,20849.191
300774.SZ,20250224,9.13,9.25,9.1,9.2,9.13,0.07,0.7667,29227.0,26858.749
300774.SZ,20250221,9.19,9.19,9.05,9.13,9.16,-0.03,-0.3275,26655.66,24302.152
300774.SZ,20250220,9.15,9.18,9.05,9.16,9.15,0.01,0.1093,25271.0,23060.17
300774.SZ,20250219,8.91,9.15,8.91,9.15,8.94,0.21,2.349,29958.0,27219.891
300774.SZ,20250218,9.27,9.27,8.89,8.94,9.26,-0.32,-3.4557,36470.0,33071.591
300774.SZ,20250217,9.13,9.33,9.08,9.26,9.13,0.13,1.4239,29737.0,27353.378
300774.SZ,20250214,9.28,9.29,9.12,9.13,9.17,-0.04,-0.4362,25495.0,23457.873
300774.SZ,20250213,9.18,9.45,9.08,9.17,9.18,-0.01,-0.1089,42825.0,39508.927
300774.SZ,20250212,9.2,9.22,9.08,9.18,9.18,0.0,0.0,27602.85,25262.316
300774.SZ,20250211,8.99,9.25,8.88,9.18,8.96,0.22,2.4554,50263.0,45724.962
300774.SZ,20250210,8.93,8.97,8.88,8.96,8.91,0.05,0.5612,25130.0,22451.087
300774.SZ,20250207,8.87,9.03,8.82,8.91,8.91,0.0,0.0,30690.0,27416.374
300774.SZ,20250206,8.85,8.92,8.77,8.91,8.83,0.08,0.906,28810.0,25505.252
300774.SZ,20250205,8.87,8.87,8.75,8.83,8.76,0.07,0.7991,16526.0,14564.672
300774.SZ,20250127,8.73,8.88,8.73,8.76,8.73,0.03,0.3436,18520.35,16323.054
300774.SZ,20250124,8.73,8.79,8.63,8.73,8.72,0.01,0.1147,20509.0,17854.238
300774.SZ,20250123,8.8,8.87,8.72,8.72,8.72,0.0,0.0,22193.0,19573.061
300774.SZ,20250122,8.64,8.77,8.64,8.72,8.78,-0.06,-0.6834,12835.0,11175.966
300774.SZ,20250121,8.79,8.86,8.7,8.78,8.78,0.0,0.0,19864.0,17438.088
300774.SZ,20250120,8.66,8.82,8.6,8.78,8.59,0.19,2.2119,22911.0,20032.255
300774.SZ,20250117,8.6,8.63,8.45,8.59,8.56,0.03,0.3505,15566.0,13319.466
300774.SZ,20250116,8.69,8.78,8.5,8.56,8.63,-0.07,-0.8111,21116.0,18233.538
300774.SZ,20250115,8.6,8.76,8.6,8.63,8.65,-0.02,-0.2312,21892.6,18978.063
300774.SZ,20250114,8.22,8.65,8.22,8.65,8.23,0.42,5.1033,25309.0,21517.357
300774.SZ,20250113,8.17,8.3,7.99,8.23,8.19,0.04,0.4884,13710.0,11195.99
300774.SZ,20250110,8.4,8.5,8.17,8.19,8.43,-0.24,-2.847,18806.0,15698.793
300774.SZ,20250109,8.38,8.5,8.35,8.43,8.4,0.03,0.3571,16291.0,13770.641
300774.SZ,20250108,8.41,8.45,8.16,8.4,8.46,-0.06,-0.7092,26020.0,21679.988
300774.SZ,20250107,8.29,8.46,8.17,8.46,8.22,0.24,2.9197,20113.0,16740.515
300774.SZ,20250106,8.2,8.35,7.94,8.22,8.19,0.03,0.3663,23935.0,19571.906
300774.SZ,20250103,8.66,8.68,8.18,8.19,8.62,-0.43,-4.9884,30971.44,26082.427
300774.SZ,20250102,8.89,8.89,8.53,8.62,8.78,-0.16,-1.8223,28569.0,24855.106
300774.SZ,20241231,8.93,9.07,8.76,8.78,8.93,-0.15,-1.6797,30156.35,26819.416
300774.SZ,20241230,9.1,9.13,8.81,8.93,9.12,-0.19,-2.0833,29621.0,26522.412
300774.SZ,20241227,9.13,9.25,9.09,9.12,9.09,0.03,0.33,29306.0,26881.124
300774.SZ,20241226,8.95,9.22,8.95,9.09,8.96,0.13,1.4509,29631.76,27063.038
300774.SZ,20241225,9.25,9.25,8.86,8.96,9.24,-0.28,-3.0303,38606.44,34686.545
300774.SZ,20241224,9.16,9.29,9.08,9.24,9.06,0.18,1.9868,29957.0,27531.098
300774.SZ,20241223,9.56,9.66,9.02,9.06,9.57,-0.51,-5.3292,51566.0,47629.803
300774.SZ,20241220,9.28,9.68,9.28,9.57,9.37,0.2,2.1345,44388.0,42436.417
300774.SZ,20241219,9.32,9.45,9.24,9.37,9.38,-0.01,-0.1066,31953.0,29848.209
300774.SZ,20241218,9.39,9.51,9.21,9.38,9.4,-0.02,-0.2128,42855.0,40242.491
300774.SZ,20241217,10.01,10.11,9.37,9.4,9.91,-0.51,-5.1463,74117.0,71094.702
300774.SZ,20241216,10.08,10.37,9.84,9.91,10.02,-0.11,-1.0978,113184.94,113934.782
300774.SZ,20241213,9.83,10.31,9.7,10.02,9.89,0.13,1.3145,115642.0,115600.91
300774.SZ,20241212,9.83,9.92,9.75,9.89,9.84,0.05,0.5081,48672.0,47882.348
300774.SZ,20241211,9.52,9.99,9.51,9.84,9.56,0.28,2.9289,75037.76,73396.071
300774.SZ,20241210,9.9,9.99,9.54,9.56,9.63,-0.07,-0.7269,64254.0,62367.931
300774.SZ,20241209,9.76,9.8,9.57,9.63,9.76,-0.13,-1.332,41827.0,40501.329
300774.SZ,20241206,9.67,9.82,9.58,9.76,9.67,0.09,0.9307,54407.81,52900.307
300774.SZ,20241205,9.7,9.74,9.53,9.67,9.67,0.0,0.0,49683.0,47795.718
300774.SZ,20241204,9.61,9.84,9.51,9.67,9.67,0.0,0.0,79376.91,76970.147
300774.SZ,20241203,9.41,9.94,9.41,9.67,9.45,0.22,2.328,108605.7,105126.959
300774.SZ,20241202,9.27,9.46,9.24,9.45,9.25,0.2,2.1622,41071.85,38560.466
300774.SZ,20241129,9.18,9.32,9.02,9.25,9.15,0.1,1.0929,38529.0,35477.183
300774.SZ,20241128,9.04,9.29,9.04,9.15,9.07,0.08,0.882,31731.52,29090.926
300774.SZ,20241127,8.95,9.08,8.67,9.07,8.96,0.11,1.2277,36646.81,32477.001
300774.SZ,20241126,9.12,9.18,8.94,8.96,9.12,-0.16,-1.7544,28089.4,25443.453
300774.SZ,20241125,8.92,9.14,8.88,9.12,8.99,0.13,1.4461,36741.0,33212.791
300774.SZ,20241122,9.44,9.55,8.9,8.99,9.51,-0.52,-5.4679,56546.0,52440.646
300774.SZ,20241121,9.44,9.85,9.34,9.51,9.39,0.12,1.278,59922.0,57342.949
300774.SZ,20241120,9.34,9.43,9.28,9.39,9.34,0.05,0.5353,40827.0,38198.261
300774.SZ,20241119,9.0,9.35,8.9,9.34,8.93,0.41,4.5913,40488.31,36837.892
300774.SZ,20241118,9.12,9.28,8.86,8.93,9.12,-0.19,-2.0833,38103.0,34388.542
300774.SZ,20241115,9.4,9.51,9.11,9.12,9.42,-0.3,-3.1847,46780.0,43683.75
300774.SZ,20241114,9.9,9.9,9.38,9.42,9.8,-0.38,-3.8776,48791.0,46827.734
300774.SZ,20241113,9.62,9.85,9.58,9.8,9.68,0.12,1.2397,57894.97,56296.864
300774.SZ,20241112,10.0,10.0,9.6,9.68,9.95,-0.27,-2.7136,79248.69,77744.938
300774.SZ,20241111,9.54,10.08,9.54,9.95,9.57,0.38,3.9707,124775.13,122089.566
300774.SZ,20241108,9.41,9.76,9.27,9.57,9.31,0.26,2.7927,131620.58,125070.648
300774.SZ,20241107,9.09,9.37,9.04,9.31,9.06,0.25,2.7594,82013.44,75867.844
300774.SZ,20241106,9.2,9.26,8.99,9.06,9.27,-0.21,-2.2654,85746.44,78184.356
300774.SZ,20241105,8.75,9.33,8.66,9.27,8.74,0.53,6.0641,92146.82,83211.857
300774.SZ,20241104,8.57,8.75,8.52,8.74,8.57,0.17,1.9837,42749.58,37110.373
300774.SZ,20241101,8.81,8.86,8.48,8.57,8.83,-0.26,-2.9445,55676.0,48144.748
300774.SZ,20241031,8.77,8.91,8.73,8.83,8.77,0.06,0.6842,54028.06,47619.843
300774.SZ,20241030,8.87,8.96,8.6,8.77,8.88,-0.11,-1.2387,53790.0,47221.083
300774.SZ,20241029,9.39,9.41,8.88,8.88,9.36,-0.48,-5.1282,85789.0,77989.962
300774.SZ,20241028,9.33,9.44,9.24,9.36,9.44,-0.08,-0.8475,86424.88,80693.109
300774.SZ,20241025,9.22,9.48,9.17,9.44,9.15,0.29,3.1694,58605.88,54881.794
300774.SZ,20241024,9.2,9.36,9.06,9.15,9.45,-0.3,-3.1746,63607.23,58429.047
300774.SZ,20241023,9.33,9.86,9.26,9.45,9.3,0.15,1.6129,98778.0,94060.001
300774.SZ,20241022,9.23,9.36,9.13,9.3,9.21,0.09,0.9772,49101.0,45440.788
300774.SZ,20241021,9.09,9.34,9.07,9.21,9.08,0.13,1.4317,62746.24,57818.727
300774.SZ,20241018,8.74,9.27,8.73,9.08,8.83,0.25,2.8313,62881.8,56493.897
300774.SZ,20241017,9.07,9.07,8.8,8.83,8.95,-0.12,-1.3408,40137.0,35861.039
300774.SZ,20241016,8.82,9.13,8.78,8.95,8.93,0.02,0.224,42701.0,38462.423
300774.SZ,20241015,9.13,9.28,8.93,8.93,9.26,-0.33,-3.5637,56204.0,51219.974
300774.SZ,20241014,8.78,9.26,8.78,9.26,8.83,0.43,4.8698,58813.0,53378.581
300774.SZ,20241011,9.4,9.42,8.72,8.83,9.39,-0.56,-5.9638,70787.73,63531.185
300774.SZ,20241010,9.55,9.97,9.25,9.39,9.52,-0.13,-1.3655,80022.73,76705.772
300774.SZ,20241009,10.22,10.27,9.3,9.52,10.77,-1.25,-11.6063,131049.35,129115.753
300774.SZ,20241008,11.13,11.18,9.68,10.77,9.38,1.39,14.8188,199942.26,209020.241
300774.SZ,20240930,8.33,9.53,8.28,9.38,8.09,1.29,15.9456,184490.14,163384.107
300774.SZ,20240927,7.6,8.36,7.58,8.09,7.55,0.54,7.1523,109178.0,87535.488
300774.SZ,20240926,7.41,7.58,7.36,7.55,7.42,0.13,1.752,47139.0,35299.03
300774.SZ,20240925,7.37,7.62,7.32,7.42,7.32,0.1,1.3661,56841.65,42522.988
300774.SZ,20240924,7.08,7.32,7.08,7.32,7.05,0.27,3.8298,47708.24,34506.454
300774.SZ,20240923,7.14,7.15,6.98,7.05,7.09,-0.04,-0.5642,27698.0,19499.4
300774.SZ,20240920,7.13,7.13,6.99,7.09,7.05,0.04,0.5674,32824.0,23176.972
300774.SZ,20240919,6.96,7.19,6.94,7.15,6.9,0.25,3.6232,41428.73,29441.243
300774.SZ,20240918,7.18,7.19,6.87,6.9,7.15,-0.25,-3.4965,52070.73,36193.284
300774.SZ,20240913,7.26,7.32,7.13,7.15,7.27,-0.12,-1.6506,39774.0,28695.878
300774.SZ,20240912,7.37,7.44,7.24,7.27,7.45,-0.18,-2.4161,69486.9,50732.23
300774.SZ,20240911,7.21,7.56,7.16,7.45,7.22,0.23,3.1856,88509.6,65475.177
300774.SZ,20240910,7.23,7.29,7.1,7.22,7.22,0.0,0.0,36945.32,26595.036
300774.SZ,20240909,7.06,7.33,7.02,7.22,7.06,0.16,2.2663,49327.0,35581.698
300774.SZ,20240906,7.37,7.39,7.04,7.06,7.38,-0.32,-4.336,52895.0,37999.026
300774.SZ,20240905,7.28,7.39,7.27,7.38,7.28,0.1,1.3736,37461.0,27490.479
300774.SZ,20240904,7.21,7.35,7.21,7.28,7.31,-0.03,-0.4104,31949.0,23236.549
300774.SZ,20240903,7.15,7.44,7.12,7.31,7.28,0.03,0.4121,70434.95,51721.044
300774.SZ,20240902,7.24,7.54,7.23,7.28,7.29,-0.01,-0.1372,77589.6,57257.813
300774.SZ,20240830,7.15,7.39,7.1,7.29,7.13,0.16,2.244,63720.0,46356.342
300774.SZ,20240829,7.06,7.16,6.98,7.13,7.19,-0.06,-0.8345,53086.0,37653.146
300774.SZ,20240828,7.26,7.36,7.08,7.19,7.37,-0.18,-2.4423,59477.85,42775.419
300774.SZ,20240827,7.11,7.68,7.05,7.37,7.1,0.27,3.8028,116797.99,86811.681
300774.SZ,20240826,7.13,7.23,6.99,7.1,7.08,0.02,0.2825,60120.0,42645.863
300774.SZ,20240823,7.29,7.37,6.99,7.08,7.16,-0.08,-1.1173,64911.97,46002.312
300774.SZ,20240822,7.58,7.6,7.13,7.16,7.66,-0.5,-6.5274,114175.85,83860.054
300774.SZ,20240821,7.19,8.18,7.1,7.66,7.1,0.56,7.8873,185485.42,141891.381
300774.SZ,20240820,7.3,7.68,7.03,7.1,6.87,0.23,3.3479,132277.1,95283.99
300774.SZ,20240819,6.69,6.88,6.62,6.87,6.68,0.19,2.8443,65537.91,44210.042
300774.SZ,20240816,6.5,6.69,6.45,6.68,6.48,0.2,3.0864,44219.44,29055.814
300774.SZ,20240815,6.47,6.5,6.36,6.48,6.44,0.04,0.6211,19748.0,12717.006
300774.SZ,20240814,6.46,6.6,6.4,6.44,6.48,-0.04,-0.6173,28463.0,18497.753
300774.SZ,20240813,6.36,6.48,6.2,6.48,6.33,0.15,2.3697,32720.0,20893.549
300774.SZ,20240812,6.55,6.65,6.31,6.33,6.32,0.01,0.1582,31106.0,19899.431
300774.SZ,20240809,6.4,6.45,6.32,6.32,6.37,-0.05,-0.7849,12507.25,7982.359
300774.SZ,20240808,6.39,6.4,6.28,6.37,6.36,0.01,0.1572,10014.0,6359.201
300774.SZ,20240807,6.41,6.43,6.31,6.36,6.41,-0.05,-0.78,12881.0,8203.296
300774.SZ,20240806,6.32,6.51,6.28,6.41,6.31,0.1,1.5848,21659.0,13793.289
300774.SZ,20240805,6.41,6.54,6.28,6.31,6.41,-0.1,-1.5601,25966.0,16651.498
300774.SZ,20240802,6.46,6.56,6.38,6.41,6.49,-0.08,-1.2327,25031.0,16233.611
300774.SZ,20240801,6.5,6.56,6.46,6.49,6.5,-0.01,-0.1538,14141.0,9192.745
300774.SZ,20240731,6.39,6.52,6.32,6.5,6.4,0.1,1.5625,27060.0,17484.758
300774.SZ,20240730,6.34,6.42,6.28,6.4,6.32,0.08,1.2658,15828.85,10105.977
300774.SZ,20240729,6.28,6.37,6.24,6.32,6.31,0.01,0.1585,18681.44,11807.238
300774.SZ,20240726,6.43,6.48,6.27,6.31,6.4,-0.09,-1.4063,25933.0,16418.228
300774.SZ,20240725,6.15,6.42,6.08,6.4,6.17,0.23,3.7277,27107.0,17043.944
300774.SZ,20240724,6.12,6.17,5.95,6.17,6.08,0.09,1.4803,27968.85,17001.689
300774.SZ,20240723,6.41,6.45,6.08,6.08,6.26,-0.18,-2.8754,32492.0,20384.686
300774.SZ,20240722,6.18,6.3,6.18,6.26,6.24,0.02,0.3205,7509.0,4695.219
300774.SZ,20240719,6.17,6.28,6.13,6.24,6.18,0.06,0.9709,11450.0,7120.432
300774.SZ,20240718,6.17,6.23,6.05,6.18,6.22,-0.04,-0.6431,13721.0,8406.919
300774.SZ,20240717,6.38,6.39,6.2,6.22,6.36,-0.14,-2.2013,15400.31,9637.776
300774.SZ,20240716,6.45,6.46,6.35,6.36,6.44,-0.08,-1.2422,9540.0,6091.51
300774.SZ,20240715,6.54,6.6,6.38,6.44,6.6,-0.16,-2.4242,15518.0,10020.618
300774.SZ,20240712,6.59,6.67,6.53,6.6,6.54,0.06,0.9174,20345.85,13446.042
300774.SZ,20240711,6.31,6.57,6.28,6.54,6.23,0.31,4.9759,21395.6,13848.479
300774.SZ,20240710,6.3,6.37,6.22,6.23,6.27,-0.04,-0.638,13309.67,8363.547
300774.SZ,20240709,6.2,6.31,6.06,6.27,6.22,0.05,0.8039,17882.01,11059.109
300774.SZ,20240708,6.4,6.4,6.18,6.22,6.4,-0.18,-2.8125,16355.0,10217.397
300774.SZ,20240705,6.29,6.42,6.11,6.4,6.3,0.1,1.5873,19924.22,12532.536
300774.SZ,20240704,6.58,6.61,6.28,6.3,6.6,-0.3,-4.5455,21718.0,13923.594
300774.SZ,20240703,6.7,6.74,6.57,6.6,6.73,-0.13,-1.9316,14294.0,9494.175
300774.SZ,20240702,6.71,6.73,6.51,6.73,6.62,0.11,1.6616,19060.0,12710.09
300774.SZ,20240701,6.52,6.72,6.47,6.62,6.53,0.09,1.3783,22020.0,14461.814
300774.SZ,20240628,6.5,6.64,6.46,6.53,6.53,0.0,0.0,13455.85,8845.733
300774.SZ,20240627,6.67,6.73,6.5,6.53,6.67,-0.14,-2.099,15087.22,9993.612
300774.SZ,20240626,6.38,6.68,6.32,6.67,6.41,0.26,4.0562,19830.0,12918.465
300774.SZ,20240625,6.4,6.5,6.35,6.41,6.4,0.01,0.1563,17579.74,11300.419
300774.SZ,20240624,6.69,6.72,6.4,6.4,6.76,-0.36,-5.3254,25736.0,16743.91
300774.SZ,20240621,6.73,6.8,6.65,6.76,6.73,0.03,0.4458,13758.0,9285.484
300774.SZ,20240620,6.94,6.96,6.73,6.73,6.96,-0.23,-3.3046,18814.44,12821.643
300774.SZ,20240619,7.04,7.1,6.91,6.96,7.03,-0.07,-0.9957,13137.0,9175.16
300774.SZ,20240618,6.85,7.05,6.83,7.03,6.85,0.18,2.6277,21184.44,14805.463
300774.SZ,20240617,7.01,7.01,6.85,6.85,7.01,-0.16,-2.2825,19817.44,13704.007
300774.SZ,20240614,7.16,7.16,6.97,7.01,7.09,-0.08,-1.1283,16577.48,11656.277
300774.SZ,20240613,7.21,7.23,7.04,7.09,7.16,-0.07,-0.9777,19489.24,13823.159
300774.SZ,20240612,7.02,7.18,6.98,7.16,7.03,0.13,1.8492,19793.33,14108.516
300774.SZ,20240611,7.04,7.07,6.82,7.03,7.05,-0.02,-0.2837,19051.54,13233.84
300774.SZ,20240607,6.95,7.15,6.88,7.05,6.86,0.19,2.7697,35146.0,24694.152
300774.SZ,20240606,7.26,7.26,6.74,6.86,7.14,-0.28,-3.9216,28962.0,19999.046
300774.SZ,20240605,7.29,7.39,7.13,7.14,7.27,-0.13,-1.7882,16324.44,11832.18
300774.SZ,20240604,7.47,7.47,7.16,7.27,7.45,-0.18,-2.4161,23851.0,17273.478
300774.SZ,20240603,7.75,7.75,7.35,7.45,7.74,-0.29,-3.7468,24140.94,18122.405
300774.SZ,20240531,7.77,7.77,7.6,7.74,7.65,0.09,1.1765,13373.59,10267.364
300774.SZ,20240530,7.65,7.79,7.6,7.65,7.66,-0.01,-0.1305,13670.0,10491.503
300774.SZ,20240529,7.77,7.92,7.71,7.81,7.75,0.06,0.7742,18496.0,14516.61
300774.SZ,20240528,7.77,7.96,7.74,7.75,7.84,-0.09,-1.148,20318.35,15905.547
300774.SZ,20240527,7.82,7.84,7.61,7.84,7.77,0.07,0.9009,20313.35,15666.361
300774.SZ,20240524,7.84,7.99,7.77,7.77,7.85,-0.08,-1.0191,21441.0,16897.964
300774.SZ,20240523,8.07,8.09,7.8,7.85,8.06,-0.21,-2.6055,35314.7,27879.723
300774.SZ,20240522,8.09,8.13,7.98,8.06,8.13,-0.07,-0.861,37269.2,29985.845
300774.SZ,20240521,8.43,8.43,8.08,8.13,8.48,-0.35,-4.1274,62178.0,50941.464
300774.SZ,20240520,8.07,8.63,8.05,8.48,8.07,0.41,5.0805,78291.0,65412.724
300774.SZ,20240517,7.99,8.08,7.94,8.07,7.98,0.09,1.1278,17162.0,13742.525
300774.SZ,20240516,7.98,8.11,7.94,7.98,7.96,0.02,0.2513,17871.0,14369.77
300774.SZ,20240515,8.04,8.14,7.95,7.96,8.02,-0.06,-0.7481,17575.0,14119.023
300774.SZ,20240514,8.0,8.17,7.91,8.02,7.97,0.05,0.6274,36753.0,29506.601
300774.SZ,20240513,8.15,8.18,7.92,7.97,8.22,-0.25,-3.0414,26746.11,21457.004
300774.SZ,20240510,8.26,8.37,8.17,8.22,8.34,-0.12,-1.4388,21687.85,17901.479
300774.SZ,20240509,8.21,8.44,8.2,8.34,8.23,0.11,1.3366,20389.0,17028.689
300774.SZ,20240508,8.3,8.37,8.19,8.23,8.34,-0.11,-1.3189,17161.21,14180.407
300774.SZ,20240507,8.24,8.35,8.19,8.34,8.24,0.1,1.2136,23431.36,19463.763
300774.SZ,20240506,8.05,8.39,8.04,8.24,8.02,0.22,2.7431,32337.44,26570.914
300774.SZ,20240430,7.99,8.06,7.92,8.02,8.04,-0.02,-0.2488,29076.0,23256.915
300774.SZ,20240429,7.72,8.09,7.72,8.04,8.14,-0.1,-1.2285,51768.5,41088.119
300774.SZ,20240426,8.03,8.19,7.81,8.14,8.09,0.05,0.618,48824.8,38928.538
300774.SZ,20240425,7.64,8.29,7.6,8.09,7.65,0.44,5.7516,69115.35,55424.107
300774.SZ,20240424,7.54,7.67,7.41,7.65,7.46,0.19,2.5469,25759.7,19566.186
300774.SZ,20240423,7.3,7.52,7.29,7.46,7.28,0.18,2.4725,28042.29,20858.756
300774.SZ,20240422,7.34,7.45,7.06,7.28,7.36,-0.08,-1.087,25329.0,18402.193
300774.SZ,20240419,7.4,7.52,7.24,7.36,7.42,-0.06,-0.8086,30466.85,22408.856
300774.SZ,20240418,7.66,7.71,7.39,7.42,7.71,-0.29,-3.7613,51972.0,39012.305
300774.SZ,20240417,7.02,7.71,7.01,7.71,6.92,0.79,11.4162,45056.56,33780.708
300774.SZ,20240416,7.8,7.8,6.9,6.92,7.82,-0.9,-11.509,57820.86,41150.141
300774.SZ,20240415,8.4,8.51,7.62,7.82,8.38,-0.56,-6.6826,47286.22,37497.405
300774.SZ,20240412,8.59,8.68,8.37,8.38,8.53,-0.15,-1.7585,21487.5,18226.012
300774.SZ,20240411,8.39,8.8,8.33,8.53,8.42,0.11,1.3064,37210.0,32065.457
300774.SZ,20240410,8.77,8.79,8.32,8.42,8.81,-0.39,-4.4268,37446.5,31817.164
300774.SZ,20240409,8.67,8.84,8.67,8.81,8.75,0.06,0.6857,28300.0,24845.412
300774.SZ,20240408,9.07,9.1,8.74,8.75,9.1,-0.35,-3.8462,38654.29,34293.325
300774.SZ,20240403,9.17,9.18,8.91,9.1,9.16,-0.06,-0.655,51368.65,46485.963
300774.SZ,20240402,9.28,9.49,9.08,9.16,9.24,-0.08,-0.8658,66191.71,61103.013
300774.SZ,20240401,8.98,9.24,8.88,9.24,8.98,0.26,2.8953,72446.08,65667.97
300774.SZ,20240329,8.83,9.18,8.8,8.98,8.93,0.05,0.5599,68116.65,61380.657
300774.SZ,20240328,8.69,8.95,8.53,8.93,8.75,0.18,2.0571,73548.23,64553.886
300774.SZ,20240327,8.59,9.24,8.53,8.75,8.59,0.16,1.8626,85200.52,76496.963
300774.SZ,20240326,8.54,8.64,8.4,8.59,8.52,0.07,0.8216,27126.0,23108.94
300774.SZ,20240325,8.5,8.78,8.5,8.52,8.72,-0.2,-2.2936,20734.0,17963.763
300774.SZ,20240322,8.88,8.92,8.64,8.72,8.92,-0.2,-2.2422,25605.0,22399.774
300774.SZ,20240321,8.95,9.01,8.75,8.92,8.96,-0.04,-0.4464,26981.44,23947.162
300774.SZ,20240320,8.84,8.96,8.75,8.96,8.84,0.12,1.3575,24766.0,21966.756
300774.SZ,20240319,8.86,8.99,8.78,8.84,8.83,0.01,0.1133,33144.33,29459.505
300774.SZ,20240318,8.7,8.87,8.68,8.83,8.69,0.14,1.611,34857.7,30528.759
300774.SZ,20240315,8.44,8.7,8.42,8.69,8.45,0.24,2.8402,37287.44,32060.397
300774.SZ,20240314,8.56,8.67,8.34,8.45,8.46,-0.01,-0.1182,42059.0,35825.643
300774.SZ,20240313,8.41,8.52,8.38,8.46,8.43,0.03,0.3559,22829.0,19294.739
300774.SZ,20240312,8.39,8.47,8.28,8.43,8.39,0.04,0.4768,27311.88,22916.297
300774.SZ,20240311,8.16,8.43,8.12,8.39,8.16,0.23,2.8186,29889.68,24780.679
300774.SZ,20240308,8.06,8.2,8.02,8.16,8.06,0.1,1.2407,22837.0,18543.486
300774.SZ,20240307,8.18,8.27,8.03,8.06,8.2,-0.14,-1.7073,28678.0,23402.841
300774.SZ,20240306,8.02,8.22,8.02,8.2,8.0,0.2,2.5,27869.32,22738.056
300774.SZ,20240305,8.19,8.23,7.98,8.0,8.19,-0.19,-2.3199,27038.47,21874.033
300774.SZ,20240304,8.25,8.32,8.04,8.19,8.24,-0.05,-0.6068,26924.0,21976.861
300774.SZ,20240301,8.16,8.25,8.04,8.24,8.15,0.09,1.1043,31062.57,25363.137
300774.SZ,20240229,7.81,8.16,7.7,8.15,7.78,0.37,4.7558,43268.79,34689.665
300774.SZ,20240228,8.66,8.84,7.74,7.78,8.61,-0.83,-9.64,71140.71,59097.561
300774.SZ,20240227,8.44,8.62,8.22,8.61,8.36,0.25,2.9904,46505.16,39575.171
300774.SZ,20240226,8.08,8.59,8.08,8.36,8.06,0.3,3.7221,45300.5,37763.658
300774.SZ,20240223,7.77,8.08,7.72,8.06,7.76,0.3,3.866,44413.79,34969.432
300774.SZ,20240222,7.6,7.76,7.53,7.76,7.57,0.19,2.5099,37995.32,29150.34
300774.SZ,20240221,7.37,7.8,7.33,7.57,7.43,0.14,1.8843,51094.0,38945.218
300774.SZ,20240220,7.3,7.45,7.23,7.43,7.41,0.02,0.2699,35761.62,26259.23
300774.SZ,20240219,7.06,7.56,7.06,7.41,7.04,0.37,5.2557,74092.22,54772.371
300774.SZ,20240208,6.3,7.05,6.16,7.04,6.34,0.7,11.041,75666.03,50032.837
300774.SZ,20240207,6.74,6.82,6.24,6.34,6.8,-0.46,-6.7647,72298.05,47316.297
300774.SZ,20240206,6.3,7.01,6.08,6.8,6.64,0.16,2.4096,64780.35,42058.849
300774.SZ,20240205,7.35,7.35,6.41,6.64,7.47,-0.83,-11.1111,55403.47,37649.084
300774.SZ,20240202,8.01,8.14,7.19,7.47,8.01,-0.54,-6.7416,52538.82,40193.102
300774.SZ,20240201,8.25,8.32,7.84,8.01,8.39,-0.38,-4.5292,51915.47,41873.859
300774.SZ,20240131,8.61,8.72,8.29,8.39,8.5,-0.11,-1.2941,50905.33,43284.917
300774.SZ,20240130,8.79,8.86,8.48,8.5,8.78,-0.28,-3.1891,26669.85,23048.541
300774.SZ,20240129,9.2,9.25,8.75,8.78,9.15,-0.37,-4.0437,27085.44,24187.61
300774.SZ,20240126,9.26,9.47,9.13,9.15,9.19,-0.04,-0.4353,31911.0,29585.468
300774.SZ,20240125,8.8,9.19,8.78,9.19,8.8,0.39,4.4318,36235.0,32614.197
300774.SZ,20240124,8.74,8.89,8.45,8.8,8.75,0.05,0.5714,34197.0,29685.996
300774.SZ,20240123,8.86,8.93,8.49,8.75,8.7,0.05,0.5747,36566.0,31693.238
300774.SZ,20240122,9.2,9.28,8.57,8.7,9.25,-0.55,-5.9459,33372.05,29722.24
300774.SZ,20240119,9.37,9.48,9.22,9.25,9.39,-0.14,-1.4909,20163.0,18810.89
300774.SZ,20240118,9.56,9.56,9.1,9.39,9.52,-0.13,-1.3655,30760.0,28545.628
300774.SZ,20240117,9.86,9.89,9.5,9.52,9.85,-0.33,-3.3503,29179.85,28198.415
300774.SZ,20240116,9.9,10.07,9.71,9.85,9.93,-0.08,-0.8056,35593.47,35022.286
300774.SZ,20240115,10.21,10.29,9.91,9.93,10.21,-0.28,-2.7424,26140.0,26148.836
300774.SZ,20240112,10.3,10.5,10.21,10.21,10.18,0.03,0.2947,30695.42,31787.7
300774.SZ,20240111,10.02,10.21,9.95,10.18,10.02,0.16,1.5968,21285.0,21484.011
300774.SZ,20240110,10.07,10.17,9.9,10.02,10.04,-0.02,-0.1992,20614.0,20702.065
300774.SZ,20240109,10.05,10.24,9.98,10.04,10.03,0.01,0.0997,20144.11,20335.452
300774.SZ,20240108,10.29,10.29,10.02,10.03,10.24,-0.21,-2.0508,20087.0,20376.195
300774.SZ,20240105,10.36,10.55,10.19,10.24,10.35,-0.11,-1.0628,21463.5,22237.609
300774.SZ,20240104,10.42,10.5,10.32,10.35,10.43,-0.08,-0.767,12427.5,12905.183
300774.SZ,20240103,10.35,10.46,10.34,10.43,10.41,0.02,0.1921,17934.0,18652.823
300774.SZ,20240102,10.29,10.47,10.27,10.41,10.29,0.12,1.1662,15396.44,16020.507
300774.SZ,20231229,10.28,10.34,10.21,10.29,10.3,-0.01,-0.0971,16861.44,17355.177
300774.SZ,20231228,10.01,10.33,9.92,10.3,10.01,0.29,2.8971,24540.0,25077.887
300774.SZ,20231227,10.02,10.05,9.85,10.01,9.94,0.07,0.7042,14740.0,14665.513
300774.SZ,20231226,9.97,10.07,9.9,9.94,9.97,-0.03,-0.3009,15034.0,14981.271
300774.SZ,20231225,10.14,10.14,9.92,9.97,10.13,-0.16,-1.5795,21622.42,21609.017
300774.SZ,20231222,10.28,10.28,10.08,10.13,10.27,-0.14,-1.3632,17697.44,17965.985
300774.SZ,20231221,10.38,10.38,10.05,10.27,10.26,0.01,0.0975,26656.0,27180.739
300774.SZ,20231220,10.42,10.45,10.22,10.26,10.35,-0.09,-0.8696,21333.0,22105.459
300774.SZ,20231219,10.33,10.4,10.23,10.35,10.33,0.02,0.1936,14435.44,14868.933
300774.SZ,20231218,10.45,10.48,10.3,10.33,10.49,-0.16,-1.5253,15939.0,16565.197
300774.SZ,20231215,10.55,10.63,10.45,10.49,10.51,-0.02,-0.1903,14927.44,15695.493
300774.SZ,20231214,10.42,10.57,10.42,10.51,10.44,0.07,0.6705,15617.35,16422.74
300774.SZ,20231213,10.5,10.54,10.37,10.44,10.5,-0.06,-0.5714,12858.0,13459.468
300774.SZ,20231212,10.45,10.55,10.37,10.5,10.45,0.05,0.4785,16590.85,17344.203
300774.SZ,20231211,10.36,10.52,10.23,10.45,10.39,0.06,0.5775,30094.25,31283.269
300774.SZ,20231208,10.63,10.72,10.38,10.39,10.58,-0.19,-1.7958,24972.0,26151.529
300774.SZ,20231207,10.78,10.79,10.54,10.58,10.77,-0.19,-1.7642,26043.0,27605.815
300774.SZ,20231206,10.64,10.89,10.6,10.77,10.67,0.1,0.9372,27397.03,29550.907
300774.SZ,20231205,10.93,10.93,10.65,10.67,10.9,-0.23,-2.1101,22001.94,23706.878
300774.SZ,20231204,10.95,11.03,10.86,10.9,10.85,0.05,0.4608,30457.07,33344.479
300774.SZ,20231201,10.94,11.01,10.76,10.85,10.96,-0.11,-1.0036,25315.44,27536.669
300774.SZ,20231130,11.16,11.2,10.85,10.96,11.15,-0.19,-1.704,24687.0,27087.546
300774.SZ,20231129,11.18,11.3,11.14,11.15,11.21,-0.06,-0.5352,16725.44,18762.014
300774.SZ,20231128,11.12,11.28,11.03,11.21,11.12,0.09,0.8094,15999.95,17902.727
300774.SZ,20231127,11.03,11.15,11.02,11.12,11.02,0.1,0.9074,17888.35,19844.593
300774.SZ,20231124,11.27,11.27,11.01,11.02,11.25,-0.23,-2.0444,21756.29,24109.699
300774.SZ,20231123,11.17,11.28,11.09,11.25,11.17,0.08,0.7162,19647.0,22053.848
300774.SZ,20231122,11.34,11.34,11.17,11.17,11.25,-0.08,-0.7111,23290.0,26179.488
300774.SZ,20231121,11.26,11.35,11.2,11.25,11.26,-0.01,-0.0888,24419.0,27522.524
300774.SZ,20231120,11.15,11.29,11.15,11.26,11.14,0.12,1.0772,17506.44,19652.931
300774.SZ,20231117,11.1,11.2,11.02,11.14,11.09,0.05,0.4509,15594.0,17378.185
300774.SZ,20231116,11.22,11.22,11.09,11.09,11.18,-0.09,-0.805,13424.0,14947.481
300774.SZ,20231115,11.13,11.27,11.13,11.18,11.1,0.08,0.7207,18674.44,20924.949
300774.SZ,20231114,11.09,11.14,11.0,11.1,11.08,0.02,0.1805,20075.0,22230.209
300774.SZ,20231113,10.91,11.08,10.89,11.08,10.89,0.19,1.7447,18098.86,19916.042
300774.SZ,20231110,10.9,10.93,10.77,10.89,10.87,0.02,0.184,17637.44,19160.158
300774.SZ,20231109,10.91,11.05,10.86,10.87,10.91,-0.04,-0.3666,20430.85,22328.17
300774.SZ,20231108,11.0,11.09,10.86,10.91,11.01,-0.1,-0.9083,20259.14,22138.05
300774.SZ,20231107,10.95,11.02,10.81,11.01,10.92,0.09,0.8242,23796.0,26011.144
300774.SZ,20231106,10.79,10.93,10.75,10.92,10.79,0.13,1.2048,18820.51,20442.38
300774.SZ,20231103,10.55,10.85,10.55,10.79,10.57,0.22,2.0814,19682.28,21177.635
300774.SZ,20231102,10.67,10.76,10.55,10.57,10.67,-0.1,-0.9372,15876.72,16863.454
300774.SZ,20231101,10.75,10.78,10.64,10.67,10.7,-0.03,-0.2804,15658.0,16759.978
300774.SZ,20231031,10.75,10.81,10.64,10.7,10.78,-0.08,-0.7421,16373.28,17525.872
300774.SZ,20231030,10.65,10.8,10.53,10.78,10.65,0.13,1.2207,20521.0,21955.704
300774.SZ,20231027,10.47,10.72,10.44,10.65,10.47,0.18,1.7192,24729.0,26295.893
300774.SZ,20231026,10.51,10.59,10.3,10.47,10.52,-0.05,-0.4753,26108.0,27226.438
300774.SZ,20231025,10.32,10.57,10.32,10.52,10.22,0.3,2.9354,36626.61,38320.545
300774.SZ,20231024,9.81,10.24,9.78,10.22,9.76,0.46,4.7131,42479.0,42948.983
300774.SZ,20231023,10.14,10.16,9.72,9.76,10.16,-0.4,-3.937,43109.48,42676.701
300774.SZ,20231020,10.6,10.66,10.05,10.16,10.71,-0.55,-5.1354,63765.0,65254.017
300774.SZ,20231019,10.71,10.93,10.61,10.71,10.72,-0.01,-0.0933,21822.7,23536.953
300774.SZ,20231018,10.96,11.03,10.71,10.72,11.02,-0.3,-2.7223,26395.48,28467.864
300774.SZ,20231017,11.13,11.16,10.97,11.02,11.13,-0.11,-0.9883,18795.0,20748.036
300774.SZ,20231016,11.28,11.3,11.09,11.13,11.25,-0.12,-1.0667,20478.25,22825.025
300774.SZ,20231013,11.36,11.42,11.22,11.25,11.4,-0.15,-1.3158,24354.0,27486.617
300774.SZ,20231012,11.31,11.48,11.3,11.4,11.31,0.09,0.7958,25462.6,28981.274
300774.SZ,20231011,11.35,11.4,11.26,11.31,11.29,0.02,0.1771,18749.32,21195.371
300774.SZ,20231010,11.47,11.5,11.25,11.29,11.42,-0.13,-1.1384,24971.32,28300.931
300774.SZ,20231009,11.34,11.46,11.27,11.42,11.34,0.08,0.7055,24525.5,27960.333
300774.SZ,20230928,11.23,11.39,11.23,11.34,11.23,0.11,0.9795,23106.0,26212.417
300774.SZ,20230927,11.08,11.32,11.08,11.23,11.1,0.13,1.1712,23656.0,26609.441
300774.SZ,20230926,11.04,11.2,11.04,11.1,11.08,0.02,0.1805,16610.0,18495.145
300774.SZ,20230925,11.12,11.24,11.05,11.08,11.12,-0.04,-0.3597,17408.0,19338.758
300774.SZ,20230922,11.0,11.14,10.95,11.12,10.98,0.14,1.275,20305.15,22499.59
300774.SZ,20230921,11.09,11.12,10.97,10.98,11.08,-0.1,-0.9025,20654.44,22776.114
300774.SZ,20230920,11.49,11.49,11.07,11.08,11.43,-0.35,-3.0621,40090.44,44928.854
300774.SZ,20230919,11.43,11.52,11.31,11.43,11.43,0.0,0.0,20304.08,23181.581
300774.SZ,20230918,11.34,11.54,11.25,11.43,11.39,0.04,0.3512,22650.08,25897.487
300774.SZ,20230915,11.48,11.58,11.33,11.39,11.45,-0.06,-0.524,30157.3,34471.126
300774.SZ,20230914,11.78,11.87,11.43,11.45,11.78,-0.33,-2.8014,41013.59,47259.254
300774.SZ,20230913,11.6,11.86,11.54,11.78,11.63,0.15,1.2898,46521.0,54524.196
300774.SZ,20230912,11.62,11.73,11.53,11.63,11.62,0.01,0.0861,24456.88,28506.325
300774.SZ,20230911,11.49,11.65,11.34,11.62,11.44,0.18,1.5734,29370.0,33847.37
300774.SZ,20230908,11.6,11.68,11.4,11.44,11.62,-0.18,-1.5491,43632.94,50120.981
300774.SZ,20230907,12.04,12.11,11.59,11.62,12.1,-0.48,-3.9669,72580.55,85840.952
300774.SZ,20230906,12.35,12.38,12.01,12.1,12.52,-0.42,-3.3546,73075.68,88788.305
300774.SZ,20230905,12.22,12.52,11.92,12.52,12.2,0.32,2.623,104557.22,127924.309
300774.SZ,20230904,12.15,12.35,12.1,12.2,12.11,0.09,0.7432,61625.97,75202.339
300774.SZ,20230901,12.58,12.7,12.06,12.11,12.7,-0.59,-4.6457,96709.0,118267.356
300774.SZ,20230831,12.54,12.86,12.51,12.7,12.7,0.0,0.0,93840.28,119053.762
300774.SZ,20230830,13.1,13.19,12.56,12.7,13.4,-0.7,-5.2239,165301.43,211249.714
300774.SZ,20230829,13.4,13.48,12.93,13.4,13.75,-0.35,-2.5455,229788.57,303006.885
300774.SZ,20230828,13.25,14.14,12.52,13.75,12.56,1.19,9.4745,310644.58,411642.985
300774.SZ,20230825,12.2,13.09,12.16,12.56,12.5,0.06,0.48,243871.1,309322.956
300774.SZ,20230824,12.2,12.61,11.99,12.5,12.88,-0.38,-2.9503,231977.56,283960.617
300774.SZ,20230823,11.69,13.25,11.6,12.88,11.48,1.4,12.1951,253043.52,313148.394
300774.SZ,20230822,11.87,11.89,11.27,11.48,11.72,-0.24,-2.0478,34146.28,39255.602
300774.SZ,20230821,11.62,11.85,11.55,11.72,11.6,0.12,1.0345,25892.0,30358.45
300774.SZ,20230818,11.42,11.84,11.39,11.6,11.46,0.14,1.2216,32853.0,38308.898
300774.SZ,20230817,11.24,11.48,11.07,11.46,11.24,0.22,1.9573,18387.0,20796.019
300774.SZ,20230816,11.15,11.39,11.15,11.24,11.27,-0.03,-0.2662,13240.12,14925.158
300774.SZ,20230815,11.44,11.46,11.19,11.27,11.48,-0.21,-1.8293,14800.11,16706.528
300774.SZ,20230814,11.3,11.49,11.12,11.48,11.29,0.19,1.6829,17958.97,20342.342
300774.SZ,20230811,11.5,11.53,11.29,11.29,11.5,-0.21,-1.8261,20020.6,22834.202
300774.SZ,20230810,11.46,11.53,11.35,11.5,11.51,-0.01,-0.0869,20747.0,23743.473
300774.SZ,20230809,11.44,11.67,11.36,11.51,11.43,0.08,0.6999,23712.0,27313.4
300774.SZ,20230808,11.53,11.62,11.43,11.43,11.57,-0.14,-1.21,19547.0,22477.543
300774.SZ,20230807,11.75,11.75,11.48,11.57,11.74,-0.17,-1.448,34758.67,40175.596
300774.SZ,20230804,11.74,11.86,11.73,11.74,11.76,-0.02,-0.1701,19388.38,22837.037
300774.SZ,20230803,11.86,11.94,11.7,11.76,11.83,-0.07,-0.5917,26711.7,31429.241
300774.SZ,20230802,11.93,11.97,11.73,11.83,11.91,-0.08,-0.6717,35685.77,42185.97
300774.SZ,20230801,12.1,12.25,11.71,11.91,12.22,-0.31,-2.5368,48297.28,57338.797
300774.SZ,20230731,12.16,12.27,12.1,12.22,12.17,0.05,0.4108,28908.66,35271.283
300774.SZ,20230728,12.28,12.34,12.02,12.17,12.32,-0.15,-1.2175,29815.25,36258.829
300774.SZ,20230727,12.5,12.55,12.25,12.32,12.5,-0.18,-1.44,35924.0,44442.292
300774.SZ,20230726,12.28,12.61,12.23,12.5,12.29,0.21,1.7087,51607.71,64521.589
300774.SZ,20230725,12.06,12.29,11.99,12.29,11.95,0.34,2.8452,29404.6,35871.902
300774.SZ,20230724,11.98,12.09,11.92,11.95,11.93,0.02,0.1676,25134.54,30132.22
300774.SZ,20230721,11.98,12.14,11.92,11.93,12.05,-0.12,-0.9959,27931.0,33459.855
300774.SZ,20230720,12.13,12.29,12.03,12.05,12.13,-0.08,-0.6595,33014.0,40154.683
300774.SZ,20230719,12.01,12.32,11.96,12.13,12.06,0.07,0.5804,34563.61,42049.568
300774.SZ,20230718,12.12,12.14,11.92,12.06,12.02,0.04,0.3328,21843.2,26346.986
300774.SZ,20230717,12.1,12.1,11.89,12.02,12.0,0.02,0.1667,31361.38,37617.957
300774.SZ,20230714,12.19,12.19,11.9,12.0,12.16,-0.16,-1.3158,44129.72,53120.734
300774.SZ,20230713,12.08,12.24,12.08,12.16,12.08,0.08,0.6623,37001.0,45073.753
300774.SZ,20230712,12.3,12.33,12.06,12.08,12.29,-0.21,-1.7087,32797.0,39907.58
300774.SZ,20230711,12.24,12.38,12.03,12.29,12.23,0.06,0.4906,47794.16,58485.909
300774.SZ,20230710,12.32,12.42,12.17,12.23,12.16,0.07,0.5757,40036.9,49147.732
300774.SZ,20230707,12.27,12.41,12.12,12.16,12.33,-0.17,-1.3788,44121.0,54010.227
300774.SZ,20230706,12.25,12.48,12.15,12.33,12.25,0.08,0.6531,74265.61,91685.116
300774.SZ,20230705,12.4,12.66,12.23,12.25,12.36,-0.11,-0.89,84685.09,104975.406
300774.SZ,20230704,12.1,12.42,11.91,12.36,11.99,0.37,3.0859,103031.2,125834.854
300774.SZ,20230703,11.69,12.12,11.68,11.99,11.64,0.35,3.0069,81745.54,97749.174
300774.SZ,20230630,11.45,11.69,11.39,11.64,11.46,0.18,1.5707,65100.19,75258.263
300774.SZ,20230629,11.01,11.49,10.99,11.46,11.11,0.35,3.1503,71344.75,80925.623
300774.SZ,20230628,10.92,11.11,10.91,11.11,11.0,0.11,1.0,41746.12,46068.56
300774.SZ,20230627,10.82,11.07,10.72,11.0,10.85,0.15,1.3825,33148.4,36245.503
300774.SZ,20230626,10.7,11.16,10.66,10.85,10.81,0.04,0.37,34425.0,37405.868
300774.SZ,20230621,10.93,11.08,10.8,10.81,10.82,-0.01,-0.0924,35755.87,39038.056
300774.SZ,20230620,11.16,11.39,10.9,10.92,10.85,0.07,0.6452,73199.1,81059.452
300774.SZ,20230619,10.86,11.02,10.8,10.85,10.88,-0.03,-0.2757,23710.65,25755.014
300774.SZ,20230616,10.62,10.93,10.53,10.88,10.64,0.24,2.2556,37743.29,40755.817
300774.SZ,20230615,10.49,10.66,10.38,10.64,10.5,0.14,1.3333,27197.09,28586.92
300774.SZ,20230614,10.47,10.7,10.32,10.5,10.51,-0.01,-0.0951,37399.27,39412.116
300774.SZ,20230613,10.63,10.65,10.44,10.51,10.6,-0.09,-0.8491,24140.26,25385.988
300774.SZ,20230612,10.57,10.64,10.38,10.6,10.58,0.02,0.189,25659.89,26939.96
300774.SZ,20230609,10.68,10.74,10.56,10.58,10.7,-0.12,-1.1215,21621.29,22987.284
300774.SZ,20230608,10.69,10.86,10.59,10.7,10.7,0.0,0.0,21672.85,23305.577
300774.SZ,20230607,10.79,10.88,10.57,10.7,10.77,-0.07,-0.65,26425.7,28211.517
300774.SZ,20230606,11.04,11.09,10.77,10.77,11.07,-0.3,-2.71,26383.0,28722.77
300774.SZ,20230605,10.98,11.14,10.97,11.07,11.02,0.05,0.4537,20646.6,22823.609
300774.SZ,20230602,10.85,11.04,10.8,11.02,10.77,0.25,2.3213,24219.45,26555.39
300774.SZ,20230601,10.79,10.92,10.74,10.77,10.85,-0.08,-0.7373,25661.34,27758.681
300774.SZ,20230531,11.04,11.07,10.84,10.85,11.13,-0.28,-2.5157,41733.42,45649.493
300774.SZ,20230530,10.75,11.54,10.75,11.13,10.79,0.34,3.1511,67498.4,75591.84
300774.SZ,20230529,10.93,11.02,10.79,10.79,10.94,-0.15,-1.3711,31338.07,34078.554
300774.SZ,20230526,11.24,11.49,10.91,10.94,11.02,-0.08,-0.726,53713.5,59717.371
300774.SZ,20230525,10.88,11.09,10.85,11.02,10.88,0.14,1.2868,28033.05,30744.117
300774.SZ,20230524,10.77,10.98,10.72,10.88,10.77,0.11,1.0214,24704.85,26906.74
300774.SZ,20230523,10.93,11.0,10.77,10.77,10.94,-0.17,-1.5539,21653.35,23558.296
300774.SZ,20230522,10.81,10.96,10.71,10.94,10.81,0.13,1.2026,22410.31,24383.128
300774.SZ,20230519,10.81,10.84,10.68,10.81,10.79,0.02,0.1854,21224.17,22904.596
300774.SZ,20230518,10.82,10.89,10.72,10.79,10.84,-0.05,-0.4613,22007.35,23768.831
300774.SZ,20230517,10.72,10.86,10.69,10.84,10.8,0.04,0.3704,24176.02,26084.435
300774.SZ,20230516,10.81,10.88,10.66,10.8,10.72,0.08,0.7463,37558.1,40533.188
300774.SZ,20230515,10.42,10.75,10.4,10.72,10.41,0.31,2.9779,41537.12,44174.375
300774.SZ,20230512,10.49,10.61,10.39,10.41,10.54,-0.13,-1.2334,25651.31,26828.317
300774.SZ,20230511,10.24,10.64,10.24,10.54,10.31,0.23,2.2308,37302.42,39260.698
300774.SZ,20230510,10.18,10.4,10.1,10.31,10.18,0.13,1.277,24566.0,25276.282
300774.SZ,20230509,10.39,10.43,10.16,10.18,10.44,-0.26,-2.4904,38143.58,39108.491
300774.SZ,20230508,10.58,10.69,10.4,10.44,10.6,-0.16,-1.5094,39614.76,41544.163
300774.SZ,20230505,10.75,10.76,10.22,10.6,10.75,-0.15,-1.3953,44134.76,46307.934
300774.SZ,20230504,10.99,11.06,10.74,10.75,10.96,-0.21,-1.9161,41280.94,44860.367
300774.SZ,20230428,10.75,10.98,10.75,10.96,10.74,0.22,2.0484,28152.54,30600.714
300774.SZ,20230427,10.7,10.84,10.61,10.74,10.77,-0.03,-0.2786,24149.45,25902.166
300774.SZ,20230426,10.54,10.9,10.53,10.77,10.65,0.12,1.1268,36700.9,39438.324
300774.SZ,20230425,11.43,11.49,10.6,10.65,11.46,-0.81,-7.0681,63147.8,69047.51
300774.SZ,20230424,11.42,11.63,11.16,11.46,11.43,0.03,0.2625,36896.88,42024.293
300774.SZ,20230421,11.7,11.92,11.36,11.43,11.49,-0.06,-0.5222,54722.43,63901.516
300774.SZ,20230420,12.31,12.31,11.35,11.49,12.37,-0.88,-7.114,88555.11,103435.509
300774.SZ,20230419,12.8,12.89,12.34,12.37,12.84,-0.47,-3.6604,61365.96,76826.079
300774.SZ,20230418,12.99,13.09,12.75,12.84,12.99,-0.15,-1.1547,49227.11,63404.893
300774.SZ,20230417,12.6,13.04,12.52,12.99,12.69,0.3,2.3641,75809.67,97256.914
300774.SZ,20230414,12.67,12.8,12.54,12.69,12.7,-0.01,-0.0787,39995.96,50656.999
300774.SZ,20230413,12.48,12.71,12.31,12.7,12.5,0.2,1.6,50245.77,63087.266
300774.SZ,20230412,12.66,12.74,12.42,12.5,12.67,-0.17,-1.3418,41486.84,52001.12
300774.SZ,20230411,12.5,12.67,12.4,12.67,12.52,0.15,1.1981,34953.7,43926.704
300774.SZ,20230410,12.7,12.85,12.43,12.52,12.73,-0.21,-1.6496,49397.54,62041.441
300774.SZ,20230407,12.88,13.03,12.68,12.73,12.93,-0.2,-1.5468,53635.12,68745.488
300774.SZ,20230406,12.73,12.96,12.65,12.93,12.82,0.11,0.858,56882.19,73148.545
300774.SZ,20230404,13.11,13.11,12.74,12.82,13.2,-0.38,-2.8788,78569.75,100948.169
300774.SZ,20230403,13.2,13.55,13.06,13.2,13.3,-0.1,-0.7519,109351.09,144330.897
300774.SZ,20230331,12.84,13.35,12.75,13.3,12.82,0.48,3.7441,125693.12,165366.142
300774.SZ,20230330,12.91,12.99,12.71,12.82,13.02,-0.2,-1.5361,73491.34,94286.161
300774.SZ,20230329,12.76,13.18,12.57,13.02,12.76,0.26,2.0376,144771.29,186168.786
300774.SZ,20230328,12.14,12.83,12.03,12.76,12.13,0.63,5.1937,126410.12,158233.95
300774.SZ,20230327,12.2,12.29,12.08,12.13,12.2,-0.07,-0.5738,36736.05,44706.501
300774.SZ,20230324,12.43,12.48,12.18,12.2,12.5,-0.3,-2.4,55254.35,67846.627
300774.SZ,20230323,12.4,12.6,12.26,12.5,12.41,0.09,0.7252,52154.27,65034.049
300774.SZ,20230322,12.45,12.67,12.35,12.41,12.53,-0.12,-0.9577,52050.8,64844.772
300774.SZ,20230321,12.51,12.54,12.28,12.53,12.49,0.04,0.3203,50595.58,62867.444
300774.SZ,20230320,12.76,12.83,12.4,12.49,12.71,-0.22,-1.7309,67275.31,84569.34
300774.SZ,20230317,12.58,12.71,12.44,12.71,12.58,0.13,1.0334,83676.26,105416.709
300774.SZ,20230316,12.38,12.97,12.32,12.58,12.5,0.08,0.64,113034.05,142949.841
300774.SZ,20230315,12.63,12.67,12.44,12.5,12.69,-0.19,-1.4972,93497.2,117314.155
300774.SZ,20230314,12.02,12.7,11.97,12.69,12.09,0.6,4.9628,165431.91,206081.154
300774.SZ,20230313,12.2,12.27,11.88,12.09,12.25,-0.16,-1.3061,79239.62,95454.838
300774.SZ,20230310,12.39,12.76,12.24,12.25,12.62,-0.37,-2.9319,129898.71,161648.655
300774.SZ,20230309,11.62,12.8,11.6,12.62,11.66,0.96,8.2333,186369.94,230690.249
300774.SZ,20230308,11.58,11.66,11.49,11.66,11.59,0.07,0.604,15256.62,17681.156
300774.SZ,20230307,11.78,11.88,11.56,11.59,11.8,-0.21,-1.7797,31282.65,36698.012
300774.SZ,20230306,11.7,11.82,11.66,11.8,11.76,0.04,0.3401,30119.59,35394.753
300774.SZ,20230303,11.73,11.78,11.54,11.76,11.69,0.07,0.5988,25046.0,29145.461
300774.SZ,20230302,11.8,11.84,11.67,11.69,11.81,-0.12,-1.0161,21469.0,25166.726
300774.SZ,20230301,11.75,11.82,11.72,11.81,11.77,0.04,0.3398,21968.1,25848.773
300774.SZ,20230228,11.66,11.77,11.63,11.77,11.64,0.13,1.1168,16165.0,18923.287
300774.SZ,20230227,11.8,11.81,11.61,11.64,11.8,-0.16,-1.3559,20263.13,23708.317
300774.SZ,20230224,11.95,11.96,11.75,11.8,11.91,-0.11,-0.9236,19807.37,23423.73
300774.SZ,20230223,11.94,11.99,11.86,11.91,11.94,-0.03,-0.2513,16931.12,20202.396
300774.SZ,20230222,11.93,12.02,11.89,11.94,12.03,-0.09,-0.7481,18842.52,22505.618
300774.SZ,20230221,11.94,12.05,11.85,12.03,11.94,0.09,0.7538,20694.13,24787.798
300774.SZ,20230220,11.99,12.07,11.79,11.94,12.02,-0.08,-0.6656,38543.84,45862.289
300774.SZ,20230217,12.01,12.15,11.98,12.02,11.98,0.04,0.3339,33228.05,40120.164
300774.SZ,20230216,12.46,12.47,11.9,11.98,12.48,-0.5,-4.0064,56901.95,69544.145
300774.SZ,20230215,12.62,12.67,12.38,12.48,12.53,-0.05,-0.399,40823.68,50987.223
300774.SZ,20230214,12.52,12.59,12.4,12.53,12.52,0.01,0.0799,29569.37,36877.268
300774.SZ,20230213,12.3,12.55,12.3,12.52,12.33,0.19,1.541,36851.27,45952.715
300774.SZ,20230210,12.3,12.43,12.26,12.33,12.33,0.0,0.0,26513.86,32718.351
300774.SZ,20230209,12.17,12.35,12.14,12.33,12.22,0.11,0.9002,30535.0,37453.022
300774.SZ,20230208,12.27,12.31,12.18,12.22,12.27,-0.05,-0.4075,24964.24,30577.654
300774.SZ,20230207,12.09,12.28,12.07,12.27,12.06,0.21,1.7413,32991.89,40254.005
300774.SZ,20230206,12.28,12.28,12.02,12.06,12.22,-0.16,-1.3093,33501.92,40554.408
300774.SZ,20230203,12.17,12.28,12.02,12.22,12.19,0.03,0.2461,33078.73,40206.271
300774.SZ,20230202,12.32,12.34,12.15,12.19,12.36,-0.17,-1.3754,38711.52,47318.957
300774.SZ,20230201,12.18,12.36,12.13,12.36,12.18,0.18,1.4778,34979.26,42868.812
300774.SZ,20230131,12.0,12.26,11.87,12.18,12.21,-0.03,-0.2457,48168.53,58211.884
300774.SZ,20230130,12.16,12.32,12.16,12.21,12.08,0.13,1.0762,39184.21,47892.371
300774.SZ,20230120,11.97,12.11,11.96,12.08,11.94,0.14,1.1725,19614.85,23620.218
300774.SZ,20230119,11.7,11.97,11.7,11.94,11.88,0.06,0.5051,19650.17,23385.371
300774.SZ,20230118,11.92,11.94,11.8,11.88,11.84,0.04,0.3378,13890.0,16500.075
300774.SZ,20230117,11.88,11.95,11.8,11.84,11.93,-0.09,-0.7544,16155.0,19176.552
300774.SZ,20230116,11.68,11.99,11.65,11.93,11.65,0.28,2.4034,35817.0,42520.794
300774.SZ,20230113,11.79,11.79,11.6,11.65,11.71,-0.06,-0.5124,16942.0,19757.432
300774.SZ,20230112,11.65,11.95,11.65,11.71,11.69,0.02,0.1711,18340.85,21635.375
300774.SZ,20230111,11.85,11.91,11.67,11.69,11.89,-0.2,-1.6821,19844.62,23426.717
300774.SZ,20230110,11.97,12.06,11.82,11.89,11.97,-0.08,-0.6683,16774.53,19947.733
300774.SZ,20230109,12.03,12.05,11.86,11.97,11.92,0.05,0.4195,22428.0,26762.173
300774.SZ,20230106,11.88,12.01,11.82,11.92,11.88,0.04,0.3367,29213.49,34861.439
300774.SZ,20230105,11.88,11.95,11.76,11.88,11.83,0.05,0.4227,25658.54,30447.85
300774.SZ,20230104,11.82,11.98,11.72,11.83,11.82,0.01,0.0846,20974.29,24861.56
300774.SZ,20230103,11.51,11.84,11.51,11.82,11.61,0.21,1.8088,23966.06,28146.033
300774.SZ,20221230,11.7,11.75,11.56,11.61,11.53,0.08,0.6938,15105.04,17589.969
300774.SZ,20221229,11.62,11.74,11.53,11.53,11.73,-0.2,-1.705,17709.54,20612.299
300774.SZ,20221228,11.99,12.04,11.64,11.73,11.98,-0.25,-2.0868,27695.66,32594.393
300774.SZ,20221227,12.1,12.15,11.87,11.98,12.15,-0.17,-1.3992,29063.74,34869.501
300774.SZ,20221226,11.58,12.18,11.58,12.15,11.79,0.36,3.0534,56737.25,67777.117
300774.SZ,20221223,11.5,12.32,11.5,11.79,11.43,0.36,3.1496,66257.86,78830.625
300774.SZ,20221222,11.71,11.73,11.34,11.43,11.56,-0.13,-1.1246,30238.63,34872.164
300774.SZ,20221221,11.72,11.76,11.51,11.56,11.69,-0.13,-1.1121,17957.27,20855.31
300774.SZ,20221220,11.7,11.76,11.59,11.69,11.69,0.0,0.0,15426.92,18007.1
300774.SZ,20221219,11.92,11.99,11.61,11.69,11.92,-0.23,-1.9295,22003.45,25942.057
300774.SZ,20221216,12.2,12.22,11.9,11.92,12.2,-0.28,-2.2951,29642.35,35611.269
300774.SZ,20221215,12.16,12.31,12.1,12.2,12.13,0.07,0.5771,21888.07,26717.023
300774.SZ,20221214,12.24,12.44,12.11,12.13,12.27,-0.14,-1.141,24318.64,29735.949
300774.SZ,20221213,12.5,12.56,12.27,12.27,12.5,-0.23,-1.84,27234.91,33760.731
300774.SZ,20221212,12.46,12.63,12.31,12.5,12.58,-0.08,-0.6359,34018.72,42317.906
300774.SZ,20221209,12.51,12.85,12.39,12.58,12.53,0.05,0.399,36865.85,46445.635
300774.SZ,20221208,12.72,12.78,12.52,12.53,12.68,-0.15,-1.183,24747.69,31251.424
300774.SZ,20221207,12.68,12.9,12.67,12.68,12.74,-0.06,-0.471,23508.45,30007.558
300774.SZ,20221206,12.97,13.01,12.7,12.74,12.99,-0.25,-1.9246,32637.64,41952.028
300774.SZ,20221205,12.91,13.09,12.85,12.99,12.97,0.02,0.1542,28239.2,36626.919
300774.SZ,20221202,12.81,13.01,12.81,12.97,12.87,0.1,0.777,24935.53,32185.976
300774.SZ,20221201,13.13,13.25,12.83,12.87,12.96,-0.09,-0.6944,42713.58,55477.004
300774.SZ,20221130,12.8,13.05,12.75,12.96,12.89,0.07,0.5431,33282.98,42933.957
300774.SZ,20221129,12.73,12.96,12.73,12.89,12.69,0.2,1.576,26883.41,34629.777
300774.SZ,20221128,12.62,12.95,12.5,12.69,12.9,-0.21,-1.6279,30800.78,39330.309
300774.SZ,20221125,13.14,13.18,12.81,12.9,13.17,-0.27,-2.0501,38112.02,49442.163
300774.SZ,20221124,13.14,13.25,13.1,13.17,13.14,0.03,0.2283,24713.92,32551.292
300774.SZ,20221123,13.27,13.34,12.9,13.14,13.27,-0.13,-0.9797,44312.37,57917.448
300774.SZ,20221122,13.58,13.67,13.18,13.27,13.52,-0.25,-1.8491,51854.82,69578.129
300774.SZ,20221121,13.11,13.63,13.05,13.52,13.22,0.3,2.2693,69005.8,92901.767
300774.SZ,20221118,13.51,13.61,13.21,13.22,13.51,-0.29,-2.1466,55917.28,74830.985
300774.SZ,20221117,13.59,13.74,13.37,13.51,13.59,-0.08,-0.5887,55528.3,75088.589
300774.SZ,20221116,13.65,13.87,13.42,13.59,13.88,-0.29,-2.0893,79367.17,107887.604
300774.SZ,20221115,13.59,13.88,13.45,13.88,13.52,0.36,2.6627,83066.72,113721.215
300774.SZ,20221114,14.0,14.0,13.41,13.52,14.02,-0.5,-3.5663,120616.68,164411.233
300774.SZ,20221111,15.01,15.15,13.9,14.02,14.45,-0.43,-2.9758,190383.3,272222.205
300774.SZ,20221110,13.82,14.88,13.82,14.45,14.0,0.45,3.2143,224648.59,324339.829
300774.SZ,20221109,14.06,14.88,13.86,14.0,13.61,0.39,2.8655,200094.16,286558.761
300774.SZ,20221108,13.14,13.69,13.1,13.61,13.31,0.3,2.2539,148806.75,200908.298
300774.SZ,20221107,13.73,14.01,13.2,13.31,13.73,-0.42,-3.059,186395.01,251349.593
300774.SZ,20221104,12.5,14.07,12.4,13.73,12.5,1.23,9.84,237804.31,316170.209
300774.SZ,20221103,12.01,12.64,12.01,12.5,12.21,0.29,2.3751,94262.81,117159.503
300774.SZ,20221102,12.03,12.24,11.9,12.21,12.03,0.18,1.4963,73214.74,88070.47
300774.SZ,20221101,11.48,12.05,11.47,12.03,11.5,0.53,4.6087,54893.61,64974.087
300774.SZ,20221031,11.2,11.63,11.17,11.5,11.21,0.29,2.587,32919.26,37784.205
300774.SZ,20221028,11.89,11.97,11.15,11.21,12.02,-0.81,-6.7388,46164.0,53122.701
300774.SZ,20221027,12.04,12.22,12.0,12.02,12.09,-0.07,-0.579,26741.44,32338.487
300774.SZ,20221026,11.7,12.14,11.7,12.09,11.7,0.39,3.3333,41796.94,50209.328
300774.SZ,20221025,11.83,11.88,11.41,11.7,11.91,-0.21,-1.7632,36542.25,42496.098
300774.SZ,20221024,12.05,12.41,11.8,11.91,12.09,-0.18,-1.4888,51775.61,62947.443
300774.SZ,20221021,12.15,12.3,11.95,12.09,12.0,0.09,0.75,37689.53,45642.349
300774.SZ,20221020,11.96,12.18,11.8,12.0,12.03,-0.03,-0.2494,33690.0,40424.95
300774.SZ,20221019,12.17,12.19,12.0,12.03,12.14,-0.11,-0.9061,25468.03,30785.148
300774.SZ,20221018,12.27,12.36,12.1,12.14,12.22,-0.08,-0.6547,35261.6,43047.854
300774.SZ,20221017,12.1,12.27,12.03,12.22,12.11,0.11,0.9083,31840.86,38799.981
300774.SZ,20221014,11.94,12.18,11.94,12.11,11.9,0.21,1.7647,32245.13,39038.458
300774.SZ,20221013,11.84,12.02,11.77,11.9,11.91,-0.01,-0.084,30274.28,36076.902
300774.SZ,20221012,11.58,11.92,11.43,11.91,11.57,0.34,2.9386,36103.7,42057.318
300774.SZ,20221011,11.47,11.58,11.37,11.57,11.47,0.1,0.8718,34002.73,39073.2
300774.SZ,20221010,11.88,11.94,11.42,11.47,11.82,-0.35,-2.9611,47223.0,54850.749
300774.SZ,20220930,12.23,12.23,11.82,11.82,12.15,-0.33,-2.716,22011.68,26533.133
300774.SZ,20220929,12.32,12.48,12.03,12.15,12.24,-0.09,-0.7353,22333.0,27302.776
300774.SZ,20220928,12.65,12.65,12.23,12.24,12.62,-0.38,-3.0111,24526.01,30413.415
300774.SZ,20220927,12.29,12.62,12.29,12.62,12.27,0.35,2.8525,24414.62,30435.431
300774.SZ,20220926,12.46,12.58,12.23,12.27,12.45,-0.18,-1.4458,30562.34,37803.42
300774.SZ,20220923,12.75,13.01,12.38,12.45,12.75,-0.3,-2.3529,35081.47,44376.544
300774.SZ,20220922,12.95,13.12,12.72,12.75,12.96,-0.21,-1.6204,24282.35,31440.096
300774.SZ,20220921,12.98,13.05,12.78,12.96,12.96,0.0,0.0,23093.7,29871.388
300774.SZ,20220920,12.72,12.98,12.72,12.96,12.57,0.39,3.1026,42089.49,54253.302
300774.SZ,20220919,12.89,12.9,12.45,12.57,12.88,-0.31,-2.4068,34537.05,43595.526
300774.SZ,20220916,13.08,13.14,12.79,12.88,13.08,-0.2,-1.5291,40498.38,52525.488
300774.SZ,20220915,13.7,13.75,12.76,13.08,13.68,-0.6,-4.386,69407.13,91677.784
300774.SZ,20220914,13.5,14.03,13.5,13.68,14.14,-0.46,-3.2532,41555.19,56976.296
300774.SZ,20220913,14.2,14.3,14.13,14.14,14.19,-0.05,-0.3524,29604.5,42046.387
300774.SZ,20220909,14.5,14.6,14.18,14.19,14.5,-0.31,-2.1379,46754.35,67305.408
300774.SZ,20220908,14.92,14.94,14.49,14.5,14.94,-0.44,-2.9451,36002.61,52904.014
300774.SZ,20220907,14.74,15.02,14.68,14.94,14.8,0.14,0.9459,32627.87,48557.032
300774.SZ,20220906,14.69,14.83,14.44,14.8,14.71,0.09,0.6118,33955.85,49887.626
300774.SZ,20220905,14.74,14.85,14.65,14.71,14.75,-0.04,-0.2712,18209.6,26786.529
300774.SZ,20220902,14.72,14.86,14.65,14.75,14.71,0.04,0.2719,16922.0,24968.29
300774.SZ,20220901,14.75,14.91,14.7,14.71,14.76,-0.05,-0.3388,22852.04,33802.145
300774.SZ,20220831,15.11,15.11,14.72,14.76,15.11,-0.35,-2.3163,31204.0,46279.936
300774.SZ,20220830,15.02,15.14,14.87,15.11,15.0,0.11,0.7333,25617.29,38486.883
300774.SZ,20220829,14.99,15.07,14.71,15.0,15.12,-0.12,-0.7937,27982.0,41797.004
300774.SZ,20220826,15.39,15.39,15.08,15.12,15.24,-0.12,-0.7874,34676.91,52715.849
300774.SZ,20220825,15.58,15.58,15.03,15.24,15.67,-0.43,-2.7441,62753.22,95662.646
300774.SZ,20220824,15.13,15.9,14.84,15.67,15.13,0.54,3.5691,102593.77,158483.808
300774.SZ,20220823,15.29,15.31,15.05,15.13,15.37,-0.24,-1.5615,32415.16,49094.16
300774.SZ,20220822,15.15,15.42,14.93,15.37,15.15,0.22,1.4521,42741.01,65120.26
300774.SZ,20220819,15.32,15.45,15.15,15.15,15.35,-0.2,-1.3029,35254.67,53718.948
300774.SZ,20220818,15.4,15.62,15.35,15.35,15.55,-0.2,-1.2862,40401.19,62322.115
300774.SZ,20220817,15.84,15.9,15.41,15.55,15.84,-0.29,-1.8308,55861.03,86909.212
300774.SZ,20220816,15.65,15.95,15.59,15.84,15.66,0.18,1.1494,65931.03,104102.556
300774.SZ,20220815,15.47,15.68,15.41,15.66,15.47,0.19,1.2282,64420.83,100328.56
300774.SZ,20220812,15.36,15.57,15.26,15.47,15.37,0.1,0.6506,64185.88,98979.362
300774.SZ,20220811,15.2,15.64,15.17,15.37,15.18,0.19,1.2516,93463.98,143767.16
300774.SZ,20220810,15.35,15.45,15.1,15.18,15.47,-0.29,-1.8746,84891.0,129208.487
300774.SZ,20220809,14.92,15.48,14.8,15.47,14.89,0.58,3.8952,146690.66,222644.125
300774.SZ,20220808,15.1,15.1,14.61,14.89,15.11,-0.22,-1.456,125087.33,185410.542
300774.SZ,20220805,15.27,15.44,14.98,15.11,15.41,-0.3,-1.9468,96297.21,145865.521
300774.SZ,20220804,16.2,16.23,15.0,15.41,16.25,-0.84,-5.1692,100235.59,155210.98
300774.SZ,20220803,16.18,16.59,16.11,16.25,16.2,0.05,0.3086,23724.26,38857.159
300774.SZ,20220802,17.24,17.24,16.1,16.2,17.44,-1.24,-7.1101,36668.38,60548.41
300774.SZ,20220801,17.29,17.55,17.07,17.44,17.52,-0.08,-0.4566,26108.78,45172.882
300774.SZ,20220729,17.75,17.82,17.51,17.52,17.81,-0.29,-1.6283,27492.75,48344.973
300774.SZ,20220728,17.97,18.07,17.73,17.81,17.96,-0.15,-0.8352,27892.15,49843.237
300774.SZ,20220727,17.91,18.07,17.71,17.96,17.96,0.0,0.0,29388.22,52657.006
300774.SZ,20220726,17.85,17.99,17.38,17.96,17.83,0.13,0.7291,35123.98,62258.424
300774.SZ,20220725,18.33,18.48,17.76,17.83,18.45,-0.62,-3.3604,39397.85,71126.773
300774.SZ,20220722,18.74,19.1,18.16,18.45,18.93,-0.48,-2.5357,60563.05,112837.735
300774.SZ,20220721,21.28,21.28,18.77,18.93,20.97,-2.04,-9.7282,106083.5,206332.72
300774.SZ,20220720,21.6,22.06,20.75,20.97,21.49,-0.52,-2.4197,86563.34,184968.911
300774.SZ,20220719,21.7,21.9,21.08,21.49,21.4,0.09,0.4206,86525.55,186619.5
300774.SZ,20220718,20.86,22.15,20.61,21.4,20.95,0.45,2.148,91740.0,197679.984
300774.SZ,20220715,21.7,21.79,20.55,20.95,21.4,-0.45,-2.1028,67330.05,142499.538
300774.SZ,20220714,21.4,21.92,21.04,21.4,21.37,0.03,0.1404,83863.77,180854.925
300774.SZ,20220713,20.55,21.54,19.88,21.37,20.55,0.82,3.9903,71507.74,150028.781
300774.SZ,20220712,21.4,21.78,20.51,20.55,21.05,-0.5,-2.3753,83648.0,177888.602
300774.SZ,20220711,21.15,21.51,20.6,21.05,21.01,0.04,0.1904,53879.59,114147.431
300774.SZ,20220708,21.88,22.14,21.0,21.01,21.64,-0.63,-2.9113,51833.25,111547.64
300774.SZ,20220707,20.76,22.18,20.34,21.64,20.66,0.98,4.7435,80842.73,174115.547
300774.SZ,20220706,21.54,21.88,20.6,20.66,21.5,-0.84,-3.907,79299.18,167578.443
300774.SZ,20220705,21.2,21.96,20.58,21.5,21.07,0.43,2.0408,73608.46,158586.248
300774.SZ,20220704,21.15,21.88,20.65,21.07,20.88,0.19,0.91,99985.97,214270.474
300774.SZ,20220701,20.31,21.0,20.06,20.88,20.16,0.72,3.5714,73477.81,152416.584
300774.SZ,20220630,19.48,20.57,19.08,20.16,19.43,0.73,3.7571,82505.41,165730.05
300774.SZ,20220629,19.98,20.33,19.43,19.43,19.79,-0.36,-1.8191,52811.87,104970.214
300774.SZ,20220628,20.4,20.4,19.61,19.79,19.78,0.01,0.0506,52134.14,103952.947
300774.SZ,20220627,19.85,20.08,19.45,19.78,19.59,0.19,0.9699,61508.21,121481.946
300774.SZ,20220624,19.3,19.75,19.11,19.59,19.1,0.49,2.5654,51444.67,100519.897
300774.SZ,20220623,18.59,19.18,18.31,19.1,18.43,0.67,3.6354,56305.88,106382.923
300774.SZ,20220622,18.69,19.05,18.38,18.43,18.52,-0.09,-0.486,30795.91,57740.88
300774.SZ,20220621,19.0,19.06,18.36,18.52,18.79,-0.27,-1.4369,25661.97,47844.124
300774.SZ,20220620,18.59,19.44,18.33,18.79,18.69,0.1,0.535,44200.0,83745.473
300774.SZ,20220617,17.34,18.83,17.15,18.69,17.37,1.32,7.5993,65156.35,117884.183
300774.SZ,20220616,17.45,17.63,17.36,17.37,17.48,-0.11,-0.6293,17070.07,29818.882
300774.SZ,20220615,17.74,17.8,17.4,17.48,17.7,-0.22,-1.2429,23015.62,40386.628
300774.SZ,20220614,18.24,18.24,17.28,17.7,18.4,-0.7,-3.8043,32738.84,57922.604
300774.SZ,20220613,18.27,18.47,18.08,18.4,18.28,0.12,0.6565,24033.88,44048.158
300774.SZ,20220610,18.01,18.63,18.0,18.28,18.19,0.09,0.4948,32753.87,59979.222
300774.SZ,20220609,19.11,19.11,17.97,18.19,19.2,-1.01,-5.2604,48386.14,89208.502
300774.SZ,20220608,19.25,19.55,18.43,19.2,19.3,-0.1,-0.5181,70542.81,133365.514
300774.SZ,20220607,20.78,20.9,19.3,19.3,20.78,-1.48,-7.1222,94742.55,189692.476
300774.SZ,20220606,19.7,20.8,19.38,20.78,19.55,1.23,6.2916,98285.36,200251.949
300774.SZ,20220602,20.19,20.86,19.16,19.55,19.88,-0.33,-1.66,88425.91,176179.967
300774.SZ,20220601,19.98,20.36,19.71,19.88,19.81,0.07,0.3534,60293.78,120708.621
300774.SZ,20220531,20.0,20.24,19.61,19.81,19.83,-0.02,-0.1009,43553.42,86518.285
300774.SZ,20220530,19.5,19.92,19.14,19.83,19.43,0.4,2.0587,48197.87,94528.228
300774.SZ,20220527,19.48,20.04,19.1,19.43,19.21,0.22,1.1452,73771.37,144905.102
300774.SZ,20220526,19.24,19.45,19.01,19.21,18.98,0.23,1.2118,54501.32,104992.928
300774.SZ,20220525,19.2,19.49,18.76,19.18,18.94,0.24,1.2672,48459.81,92542.023
300774.SZ,20220524,20.02,20.46,18.94,18.94,19.93,-0.99,-4.9674,67964.58,133219.447
300774.SZ,20220523,19.78,20.12,19.37,19.93,19.57,0.36,1.8396,54416.56,108017.034
300774.SZ,20220520,19.38,20.06,19.22,19.57,19.38,0.19,0.9804,56857.08,112083.459
300774.SZ,20220519,19.35,19.5,18.48,19.38,19.24,0.14,0.7277,60178.8,114652.981
300774.SZ,20220518,19.87,20.09,19.18,19.24,19.82,-0.58,-2.9263,54767.27,107541.927
300774.SZ,20220517,19.6,20.14,19.31,19.82,19.64,0.18,0.9165,71401.58,141541.012
300774.SZ,20220516,19.01,19.75,18.93,19.64,18.9,0.74,3.9153,57440.24,111751.618
300774.SZ,20220513,19.0,19.19,18.51,18.9,18.8,0.1,0.5319,50604.43,96057.95
300774.SZ,20220512,19.9,19.96,18.8,18.8,19.69,-0.89,-4.5201,91046.41,176040.748
300774.SZ,20220511,21.0,21.06,19.48,19.69,19.7,-0.01,-0.0508,84664.9,168939.988
300774.SZ,20220510,19.57,20.01,19.27,19.7,19.57,0.13,0.6643,65096.68,128359.008
300774.SZ,20220509,19.0,19.73,18.76,19.57,18.81,0.76,4.0404,64517.93,125367.077
300774.SZ,20220506,19.9,20.29,18.81,18.81,19.92,-1.11,-5.5723,100143.71,196403.545
300774.SZ,20220505,19.15,20.26,18.88,19.92,19.06,0.86,4.5121,90557.35,178840.105
300774.SZ,20220429,18.95,19.8,18.61,19.06,18.76,0.3,1.5991,98694.28,191271.781
300774.SZ,20220428,19.25,19.25,18.39,18.76,19.2,-0.44,-2.2917,64661.0,120367.079
300774.SZ,20220427,18.5,19.94,18.01,19.2,18.38,0.82,4.4614,111582.3,211918.443
300774.SZ,20220426,18.5,19.44,17.45,18.38,18.35,0.03,0.1635,98834.33,185111.233
300774.SZ,20220425,18.3,18.86,17.87,18.35,18.34,0.01,0.0545,92010.9,170295.327
300774.SZ,20220422,17.99,18.44,16.52,18.34,17.57,0.77,4.3825,78149.07,139779.619
300774.SZ,20220421,17.5,18.18,17.4,17.57,17.38,0.19,1.0932,45262.47,80300.172
300774.SZ,20220420,17.8,17.8,17.2,17.38,17.43,-0.05,-0.2869,22133.5,38637.471
300774.SZ,20220419,17.28,17.54,17.14,17.43,17.27,0.16,0.9265,17175.13,29747.349
300774.SZ,20220418,17.5,17.5,17.15,17.27,17.46,-0.19,-1.0882,16281.31,28086.404
300774.SZ,20220415,17.39,17.6,16.98,17.46,17.5,-0.04,-0.2286,31385.71,54321.277
300774.SZ,20220414,17.78,17.78,17.41,17.5,17.5,0.0,0.0,22339.21,39233.085
300774.SZ,20220413,17.3,17.7,16.68,17.5,17.32,0.18,1.0393,31596.91,54404.383
300774.SZ,20220412,17.39,17.39,17.0,17.32,17.2,0.12,0.6977,14199.03,24499.506
300774.SZ,20220411,17.49,17.49,17.0,17.2,17.29,-0.09,-0.5205,18831.51,32436.625
300774.SZ,20220408,18.1,18.1,17.08,17.29,17.87,-0.58,-3.2457,36575.47,63821.885
300774.SZ,20220407,17.78,18.0,17.33,17.87,17.19,0.68,3.9558,45590.13,80900.026
300774.SZ,20220406,17.5,17.5,17.1,17.19,17.6,-0.41,-2.3295,14066.71,24218.977
300774.SZ,20220401,17.38,17.63,17.11,17.6,17.1,0.5,2.924,20062.05,34932.531
300774.SZ,20220331,17.42,17.54,17.1,17.1,17.61,-0.51,-2.8961,14940.93,25868.573
300774.SZ,20220330,17.27,17.66,17.11,17.61,17.26,0.35,2.0278,14806.62,25801.182
300774.SZ,20220329,17.67,17.77,17.08,17.26,17.6,-0.34,-1.9318,23955.6,41572.742
300774.SZ,20220328,18.09,18.09,17.49,17.6,17.6,0.0,0.0,30145.1,53442.121
300774.SZ,20220325,17.08,17.92,16.86,17.6,17.13,0.47,2.7437,44064.58,76757.272
300774.SZ,20220324,17.69,17.69,16.89,17.13,17.51,-0.38,-2.1702,30027.54,51505.747
300774.SZ,20220323,17.46,17.7,17.2,17.51,17.5,0.01,0.0571,27536.69,48064.396
300774.SZ,20220322,18.5,18.52,17.42,17.5,18.53,-1.03,-5.5586,44257.81,79110.861
300774.SZ,20220321,18.95,18.95,18.21,18.53,18.9,-0.37,-1.9577,43072.49,79566.695
300774.SZ,20220318,18.68,19.28,18.23,18.9,18.73,0.17,0.9076,55924.97,106055.113
300774.SZ,20220317,19.8,19.8,18.28,18.73,19.08,-0.35,-1.8344,77929.66,147791.977
300774.SZ,20220316,18.55,19.3,18.24,19.08,18.44,0.64,3.4707,63288.52,119369.134
300774.SZ,20220315,19.88,19.96,17.81,18.44,19.16,-0.72,-3.7578,74767.59,139079.841
300774.SZ,20220314,18.89,20.0,18.42,19.16,19.03,0.13,0.6831,60615.47,117415.583
300774.SZ,20220311,19.6,19.6,17.2,19.03,19.59,-0.56,-2.8586,81196.37,149247.891
300774.SZ,20220310,20.5,20.78,19.48,19.59,19.93,-0.34,-1.706,113639.04,229218.677
300774.SZ,20220309,20.01,20.78,19.01,19.93,19.11,0.82,4.2909,102443.63,204685.777
300774.SZ,20220308,20.1,20.64,19.1,19.11,19.29,-0.18,-0.9331,74065.72,147202.205
300774.SZ,20220307,19.71,19.71,18.83,19.29,19.19,0.1,0.5211,28831.58,55447.84
300774.SZ,20220304,19.49,19.65,19.07,19.19,19.55,-0.36,-1.8414,26506.09,51206.773
300774.SZ,20220303,19.87,19.95,19.4,19.55,19.79,-0.24,-1.2127,27404.07,53871.758
300774.SZ,20220302,19.82,19.96,19.57,19.79,19.85,-0.06,-0.3023,30218.63,59630.301
300774.SZ,20220301,19.92,20.09,19.7,19.85,20.01,-0.16,-0.7996,33575.19,66874.584
300774.SZ,20220228,19.84,20.38,19.5,20.01,19.98,0.03,0.1502,39820.9,79199.025
300774.SZ,20220225,19.71,20.37,19.67,19.98,19.55,0.43,2.1995,47164.32,94316.156
300774.SZ,20220224,20.42,20.42,19.15,19.55,20.81,-1.26,-6.0548,78492.24,156040.427
300774.SZ,20220223,20.3,21.28,19.89,20.81,20.6,0.21,1.0194,103803.44,212670.639
300774.SZ,20220222,19.03,20.88,18.7,20.6,19.05,1.55,8.1365,133027.79,261937.633
300774.SZ,20220221,19.33,19.4,18.78,19.05,19.23,-0.18,-0.936,71799.42,136250.264
300774.SZ,20220218,19.15,19.57,18.85,19.23,20.2,-0.97,-4.802,121280.08,233158.976
300774.SZ,20220217,18.0,21.29,17.65,20.2,17.74,2.46,13.867,179524.05,360374.946
300774.SZ,20220216,17.13,17.95,17.05,17.74,17.29,0.45,2.6027,42583.01,74916.484
300774.SZ,20220215,17.39,17.86,17.11,17.29,17.4,-0.11,-0.6322,21636.26,37659.434
300774.SZ,20220214,17.79,18.15,17.38,17.4,18.48,-1.08,-5.8442,37110.8,65591.266
300774.SZ,20220211,17.5,19.0,17.25,18.48,18.04,0.44,2.439,61436.52,111627.504
300774.SZ,20220210,18.94,19.38,17.9,18.04,17.82,0.22,1.2346,44840.63,82670.129
300774.SZ,20220209,17.19,18.0,17.14,17.82,17.29,0.53,3.0654,28069.19,49749.523
300774.SZ,20220208,17.15,17.35,17.03,17.29,17.15,0.14,0.8163,11061.01,19016.854
300774.SZ,20220207,17.09,17.5,17.02,17.15,16.71,0.44,2.6332,14569.7,25014.818
300774.SZ,20220128,16.45,16.98,16.18,16.71,16.04,0.67,4.1771,22105.46,36778.66
300774.SZ,20220127,16.77,16.97,16.0,16.04,16.77,-0.73,-4.353,20217.0,33056.645
300774.SZ,20220126,16.76,17.17,16.64,16.77,16.76,0.01,0.0597,16013.0,27017.812
300774.SZ,20220125,17.58,17.86,16.6,16.76,18.03,-1.27,-7.0438,36596.5,62602.495
300774.SZ,20220124,17.39,18.5,17.28,18.03,17.5,0.53,3.0286,46071.82,83148.807
300774.SZ,20220121,17.37,18.06,17.25,17.5,17.38,0.12,0.6904,23262.0,40966.495
300774.SZ,20220120,18.02,18.17,17.38,17.38,18.0,-0.62,-3.4444,25100.91,44250.109
300774.SZ,20220119,17.99,18.35,17.79,18.0,18.15,-0.15,-0.8264,22375.06,40312.965
300774.SZ,20220118,18.89,19.0,18.1,18.15,19.07,-0.92,-4.8243,35454.85,65332.385
300774.SZ,20220117,18.9,19.1,18.36,19.07,19.0,0.07,0.3684,32353.64,60788.715
300774.SZ,20220114,19.45,19.7,19.0,19.0,19.5,-0.5,-2.5641,38159.18,73435.011
300774.SZ,20220113,20.45,20.65,19.4,19.5,20.3,-0.8,-3.9409,49792.72,97927.733
300774.SZ,20220112,20.62,21.1,20.1,20.3,20.58,-0.28,-1.3605,55054.19,113518.348
300774.SZ,20220111,20.41,21.5,20.41,20.58,20.39,0.19,0.9318,52416.63,109773.864
300774.SZ,20220110,19.7,20.97,19.59,20.39,19.84,0.55,2.7722,37887.3,76980.138
300774.SZ,20220107,21.38,21.8,19.82,19.84,21.75,-1.91,-8.7816,75112.95,155685.019
300774.SZ,20220106,21.29,22.1,20.0,21.75,21.39,0.36,1.683,90142.8,190808.621
300774.SZ,20220105,20.96,21.88,20.47,21.39,21.01,0.38,1.8087,75539.34,161246.093
300774.SZ,20220104,22.88,23.0,20.91,21.01,22.0,-0.99,-4.5,98634.38,212025.508
300774.SZ,20211231,21.04,22.09,20.4,22.0,21.0,1.0,4.7619,108039.06,232355.051
300774.SZ,20211230,20.6,22.45,20.5,21.0,20.7,0.3,1.4493,65636.92,139752.873
300774.SZ,20211229,20.16,21.36,19.8,20.7,20.35,0.35,1.7199,76026.53,156727.079
300774.SZ,20211228,19.9,20.8,19.6,20.35,19.57,0.78,3.9857,60183.47,122003.398
300774.SZ,20211227,19.47,19.87,19.07,19.57,19.48,0.09,0.462,31251.82,60819.892
300774.SZ,20211224,20.76,20.88,19.39,19.48,20.85,-1.37,-6.5707,52107.41,103902.13
300774.SZ,20211223,21.6,21.66,20.65,20.85,21.6,-0.75,-3.4722,60071.46,125410.177
300774.SZ,20211222,21.1,22.5,20.33,21.6,21.0,0.6,2.8571,91522.38,195868.81
300774.SZ,20211221,21.44,22.1,20.9,21.0,20.88,0.12,0.5747,79940.43,171025.143
300774.SZ,20211220,19.7,23.04,19.3,20.88,19.22,1.66,8.6368,113553.81,240217.299
300774.SZ,20211217,20.18,20.38,19.19,19.22,20.44,-1.22,-5.9687,51823.47,102109.634
300774.SZ,20211216,19.8,21.29,19.79,20.44,19.97,0.47,2.3535,65383.9,134882.268
300774.SZ,20211215,20.54,20.55,19.92,19.97,20.25,-0.28,-1.3827,37647.14,76018.72
300774.SZ,20211214,20.6,20.69,20.13,20.25,20.77,-0.52,-2.5036,47195.3,95977.316
300774.SZ,20211213,20.0,20.8,19.81,20.77,20.54,0.23,1.1198,73678.18,149194.847
300774.SZ,20211210,19.29,20.8,19.1,20.54,19.2,1.34,6.9792,114292.27,230482.006
300774.SZ,20211209,19.1,19.43,19.08,19.2,19.4,-0.2,-1.0309,30892.8,59415.401
300774.SZ,20211208,19.38,19.69,18.99,19.4,19.31,0.09,0.4661,39032.41,75518.831
300774.SZ,20211207,19.41,19.5,18.88,19.31,19.2,0.11,0.5729,42629.23,81886.422
300774.SZ,20211206,20.4,20.54,19.16,19.2,20.25,-1.05,-5.1852,62653.16,122947.922
300774.SZ,20211203,20.38,20.94,19.98,20.25,20.72,-0.47,-2.2683,64464.39,131719.124
300774.SZ,20211202,22.0,22.44,20.72,20.72,21.81,-1.09,-4.9977,86675.07,186295.583
300774.SZ,20211201,22.31,22.4,21.01,21.81,22.53,-0.72,-3.1957,85560.75,187156.231
300774.SZ,20211130,23.16,23.5,21.91,22.53,22.98,-0.45,-1.9582,119995.71,268737.076
300774.SZ,20211129,22.01,23.33,21.82,22.98,23.36,-0.38,-1.6267,196106.13,441026.591
300774.SZ,20211126,20.8,25.13,20.8,23.36,20.94,2.42,11.5568,236946.81,564357.477
300774.SZ,20211125,20.02,21.87,20.02,20.94,19.84,1.1,5.5444,178315.31,375211.809
300774.SZ,20211124,20.18,20.39,19.47,19.84,20.38,-0.54,-2.6497,101922.18,201618.576
300774.SZ,20211123,19.48,20.86,19.33,20.38,19.91,0.47,2.3606,156633.48,316930.207
300774.SZ,20211122,20.06,20.57,19.1,19.91,19.68,0.23,1.1687,165056.16,328843.037
300774.SZ,20211119,20.63,22.48,19.22,19.68,20.45,-0.77,-3.7653,240316.39,497376.254
300774.SZ,20211118,17.15,20.45,16.88,20.45,17.04,3.41,20.0117,164177.79,313986.945
300774.SZ,20211117,17.0,17.3,16.97,17.04,16.89,0.15,0.8881,30108.78,51478.594
300774.SZ,20211116,17.62,17.86,16.89,16.89,17.76,-0.87,-4.8986,45166.5,77761.189
300774.SZ,20211115,17.85,17.99,17.4,17.76,17.71,0.05,0.2823,53096.32,94006.877
300774.SZ,20211112,17.03,17.93,16.78,17.71,17.18,0.53,3.085,77797.43,135248.383
300774.SZ,20211111,16.87,17.49,16.86,17.18,17.12,0.06,0.3505,48672.33,84043.652
300774.SZ,20211110,16.71,17.18,16.65,17.12,16.88,0.24,1.4218,37733.14,63936.718
300774.SZ,20211109,17.33,17.43,16.84,16.88,17.38,-0.5,-2.8769,65175.91,111146.011
300774.SZ,20211108,16.76,17.62,16.57,17.38,16.47,0.91,5.5252,95302.37,164106.341
300774.SZ,20211105,16.13,16.53,16.03,16.47,16.09,0.38,2.3617,40695.93,66572.591
300774.SZ,20211104,16.0,16.22,15.88,16.09,16.11,-0.02,-0.1241,24050.14,38628.855
300774.SZ,20211103,16.29,16.32,15.9,16.11,16.32,-0.21,-1.2868,21691.55,34873.202
300774.SZ,20211102,16.4,16.6,15.93,16.32,16.42,-0.1,-0.609,35533.09,57906.549
300774.SZ,20211101,16.07,16.42,15.69,16.42,16.28,0.14,0.86,36410.39,58290.506
300774.SZ,20211029,16.21,16.85,16.02,16.28,16.38,-0.1,-0.6105,40680.88,66494.51
300774.SZ,20211028,15.75,16.43,15.75,16.38,15.85,0.53,3.3438,50751.83,81931.204
300774.SZ,20211027,15.7,15.85,15.28,15.85,15.9,-0.05,-0.3145,26991.95,41956.563
300774.SZ,20211026,15.49,16.19,15.35,15.9,15.55,0.35,2.2508,28542.97,45242.298
300774.SZ,20211025,15.33,15.6,15.32,15.55,15.43,0.12,0.7777,9084.65,14063.535
300774.SZ,20211022,15.76,15.87,15.43,15.43,15.86,-0.43,-2.7112,14001.2,21879.563
300774.SZ,20211021,15.6,15.9,15.33,15.86,15.7,0.16,1.0191,20556.87,32085.546
300774.SZ,20211020,15.94,16.14,15.7,15.7,16.02,-0.32,-1.9975,14563.0,23129.405
300774.SZ,20211019,15.92,16.15,15.75,16.02,15.9,0.12,0.7547,16325.73,26027.85
300774.SZ,20211018,15.89,15.95,15.71,15.9,15.96,-0.06,-0.3759,12955.91,20528.178
300774.SZ,20211015,15.79,16.36,15.55,15.96,15.84,0.12,0.7576,22049.86,35090.625
300774.SZ,20211014,15.78,15.95,15.6,15.84,15.91,-0.07,-0.44,15544.43,24501.439
300774.SZ,20211013,15.38,16.01,15.2,15.91,15.33,0.58,3.7834,23993.9,37899.78
300774.SZ,20211012,15.66,15.71,15.2,15.33,15.68,-0.35,-2.2321,11962.49,18409.315
300774.SZ,20211011,16.0,16.02,15.63,15.68,16.05,-0.37,-2.3053,12218.05,19241.619
300774.SZ,20211008,15.79,16.47,15.79,16.05,15.63,0.42,2.6871,20176.77,32507.739
300774.SZ,20210930,15.55,15.76,15.55,15.63,15.63,0.0,0.0,13643.83,21342.942
300774.SZ,20210929,15.92,15.92,15.13,15.63,16.16,-0.53,-3.2797,29016.71,45123.189
300774.SZ,20210928,16.3,16.38,15.93,16.16,16.11,0.05,0.3104,18699.01,30177.054
300774.SZ,20210927,16.32,16.38,15.9,16.11,16.47,-0.36,-2.1858,20657.72,33173.054
300774.SZ,20210924,16.79,16.79,16.0,16.47,16.79,-0.32,-1.9059,38329.76,62499.037
300774.SZ,20210923,16.26,17.08,16.26,16.79,16.35,0.44,2.6911,48415.1,80852.014
300774.SZ,20210922,16.0,16.43,15.91,16.35,16.37,-0.02,-0.1222,20754.1,33697.762
300774.SZ,20210917,16.72,16.73,16.04,16.37,16.8,-0.43,-2.5595,39881.09,65367.621
300774.SZ,20210916,17.48,17.48,16.62,16.8,17.12,-0.32,-1.8692,49548.35,84081.699
300774.SZ,20210915,17.02,17.3,16.74,17.12,17.11,0.01,0.0584,46560.38,79285.306
300774.SZ,20210914,16.78,17.28,16.53,17.11,17.16,-0.05,-0.2914,64787.31,108781.938
300774.SZ,20210913,17.77,18.2,17.03,17.16,16.77,0.39,2.3256,79361.34,139016.485
300774.SZ,20210910,16.95,17.03,16.6,16.77,16.9,-0.13,-0.7692,36133.02,60406.601
300774.SZ,20210909,17.21,17.45,16.75,16.9,17.2,-0.3,-1.7442,50281.3,85399.389
300774.SZ,20210908,17.59,17.78,17.15,17.2,17.68,-0.48,-2.7149,49882.85,86815.372
300774.SZ,20210907,17.53,18.08,17.43,17.68,17.58,0.1,0.5688,54838.39,97220.765
300774.SZ,20210906,16.97,17.84,16.97,17.58,17.33,0.25,1.4426,58058.9,101289.665
300774.SZ,20210903,17.7,18.7,17.13,17.33,17.35,-0.02,-0.1153,75867.29,135999.007
300774.SZ,20210902,16.87,17.35,16.7,17.35,16.92,0.43,2.5414,51841.59,88509.417
300774.SZ,20210901,17.2,17.4,16.51,16.92,17.69,-0.77,-4.3527,85716.01,144882.316
300774.SZ,20210831,19.3,19.38,17.62,17.69,18.43,-0.74,-4.0152,117974.85,219793.146
300774.SZ,20210830,17.94,19.59,17.56,18.43,17.85,0.58,3.2493,121050.04,221065.888
300774.SZ,20210827,18.02,18.19,17.01,17.85,17.83,0.02,0.1122,62920.91,110615.113
300774.SZ,20210826,17.68,18.2,17.4,17.83,17.89,-0.06,-0.3354,76976.48,136485.747
300774.SZ,20210825,17.14,18.32,16.7,17.89,17.2,0.69,4.0116,99143.99,173965.424
300774.SZ,20210824,16.83,17.49,16.77,17.2,16.9,0.3,1.7751,73729.77,126834.232
300774.SZ,20210823,16.53,16.95,16.48,16.9,16.43,0.47,2.8606,61409.0,102925.83
300774.SZ,20210820,17.09,17.11,16.3,16.43,17.41,-0.98,-5.6289,82323.95,136729.357
300774.SZ,20210819,18.6,18.8,17.31,17.41,19.53,-2.12,-10.8551,137758.64,245093.33
300774.SZ,20210818,18.46,20.42,18.46,19.53,18.61,0.92,4.9436,156930.44,305805.441
300774.SZ,20210817,18.03,19.66,17.84,18.61,18.28,0.33,1.8053,147896.51,278274.556
300774.SZ,20210816,17.5,18.68,17.28,18.28,18.03,0.25,1.3866,111208.02,200571.15
300774.SZ,20210813,17.8,18.68,17.58,18.03,18.3,-0.27,-1.4754,121496.53,220696.414
300774.SZ,20210812,18.2,18.92,17.55,18.3,18.54,-0.24,-1.2945,147888.53,266318.172
300774.SZ,20210811,18.88,19.18,17.86,18.54,19.8,-1.26,-6.3636,171990.5,316888.637
300774.SZ,20210810,18.35,22.77,18.29,19.8,18.88,0.92,4.8729,255608.16,505782.799
300774.SZ,20210809,16.51,19.65,16.51,18.88,15.7,3.18,20.2548,226801.55,411537.818
300774.SZ,20210806,15.67,16.65,15.67,15.7,16.17,-0.47,-2.9066,137280.64,221233.708
300774.SZ,20210805,16.5,16.99,15.88,16.17,17.79,-1.62,-9.1062,200437.4,327784.093
300774.SZ,20210804,20.1,21.33,16.8,17.79,4.57,13.22,289.2779,269622.77,493288.27
