ts_code,trade_date,open,high,low,close,pre_close,change,pct_chg,vol,amount
300859.SZ,20250627,40.0,40.63,39.51,40.25,40.42,-0.17,-0.4206,75667.75,302698.546
300859.SZ,20250626,39.1,40.94,38.73,40.42,39.38,1.04,2.6409,106386.86,424902.701
300859.SZ,20250625,39.1,39.38,38.57,39.38,38.92,0.46,1.1819,40594.99,158327.678
300859.SZ,20250624,39.29,39.85,38.85,38.92,39.11,-0.19,-0.4858,46824.33,183538.532
300859.SZ,20250623,37.91,39.94,37.8,39.11,38.1,1.01,2.6509,72366.94,281338.732
300859.SZ,20250620,38.51,38.9,38.0,38.1,38.69,-0.59,-1.5249,33243.0,127579.979
300859.SZ,20250619,39.0,40.19,38.56,38.69,39.14,-0.45,-1.1497,55260.0,216975.208
300859.SZ,20250618,39.5,40.05,38.88,39.14,40.05,-0.91,-2.2722,50104.56,197014.48
300859.SZ,20250617,38.7,41.25,38.66,40.05,38.66,1.39,3.5954,95161.86,381996.56
300859.SZ,20250616,38.18,39.0,37.8,38.66,38.18,0.48,1.2572,58056.99,223006.627
300859.SZ,20250613,38.88,39.35,37.7,38.18,39.29,-1.11,-2.8251,56465.0,216409.024
300859.SZ,20250612,39.69,40.2,38.81,39.29,39.75,-0.46,-1.1572,55822.0,220014.87
300859.SZ,20250611,39.2,40.28,39.1,39.75,39.2,0.55,1.4031,65164.0,259296.054
300859.SZ,20250610,38.68,40.16,38.53,39.2,38.9,0.3,0.7712,82999.76,327424.589
300859.SZ,20250609,38.66,39.39,38.28,38.9,38.55,0.35,0.9079,51473.0,200054.029
300859.SZ,20250606,39.01,39.69,38.4,38.55,39.29,-0.74,-1.8834,55713.0,215604.842
300859.SZ,20250605,39.98,40.78,39.2,39.29,40.24,-0.95,-2.3608,84307.0,334698.521
300859.SZ,20250604,38.4,40.89,37.75,40.24,38.5,1.74,4.5195,124171.0,492844.922
300859.SZ,20250603,36.1,38.51,35.8,38.5,36.1,2.4,6.6482,87323.76,325532.747
300859.SZ,20250530,36.94,37.07,35.77,36.1,36.81,-0.71,-1.9288,41940.0,152422.2
300859.SZ,20250529,36.58,37.17,36.12,36.81,36.65,0.16,0.4366,52041.0,191252.983
300859.SZ,20250528,35.16,37.0,35.09,36.65,34.85,1.8,5.165,71966.21,260541.155
300859.SZ,20250527,35.0,35.37,34.78,34.85,34.93,-0.08,-0.229,27096.0,94983.882
300859.SZ,20250526,35.41,35.42,34.74,35.23,35.28,-0.05,-0.1417,34285.0,120152.8
300859.SZ,20250523,35.53,35.57,35.04,35.28,35.79,-0.51,-1.425,40637.0,143373.92
300859.SZ,20250522,36.08,36.18,35.0,35.79,37.12,-1.33,-3.583,71510.0,254709.785
300859.SZ,20250521,37.0,37.7,36.83,37.12,37.3,-0.18,-0.4826,45596.0,169716.413
300859.SZ,20250520,36.89,38.1,36.69,37.3,36.68,0.62,1.6903,65612.0,246035.117
300859.SZ,20250519,35.76,37.29,35.6,36.68,35.38,1.3,3.6744,78693.1,288273.352
300859.SZ,20250516,35.28,35.57,35.05,35.38,35.35,0.03,0.0849,25522.0,90162.111
300859.SZ,20250515,35.5,35.99,35.05,35.35,35.65,-0.3,-0.8415,38013.78,135403.005
300859.SZ,20250514,35.75,35.81,35.15,35.65,35.88,-0.23,-0.641,30414.66,107989.27
300859.SZ,20250513,35.53,36.1,35.42,35.88,35.5,0.38,1.0704,43134.0,154466.842
300859.SZ,20250512,34.97,35.66,34.73,35.5,34.97,0.53,1.5156,35617.0,125749.387
300859.SZ,20250509,35.68,35.86,34.89,34.97,35.67,-0.7,-1.9624,45342.0,160084.278
300859.SZ,20250508,35.66,36.03,35.41,35.67,35.85,-0.18,-0.5021,35288.0,126266.138
300859.SZ,20250507,36.69,37.0,35.46,35.85,36.55,-0.7,-1.9152,60001.0,216349.229
300859.SZ,20250506,35.91,36.8,35.13,36.55,35.91,0.64,1.7822,66396.0,239636.055
300859.SZ,20250430,36.18,36.5,35.7,35.91,35.98,-0.07,-0.1946,41333.1,148958.921
300859.SZ,20250429,36.58,37.07,35.67,35.98,36.65,-0.67,-1.8281,60442.99,219203.635
300859.SZ,20250428,37.88,37.88,36.01,36.65,38.63,-1.98,-5.1256,78247.26,287676.294
300859.SZ,20250425,38.52,39.3,38.28,38.63,38.96,-0.33,-0.847,73435.0,285354.033
300859.SZ,20250424,38.1,40.3,38.06,38.96,38.18,0.78,2.043,107354.78,422852.936
300859.SZ,20250423,38.02,38.75,37.9,38.18,38.16,0.02,0.0524,65504.41,250273.432
300859.SZ,20250422,39.46,39.87,37.79,38.16,39.83,-1.67,-4.1928,125763.94,482079.444
300859.SZ,20250421,39.0,40.36,38.9,39.83,39.46,0.37,0.9377,80047.72,316851.843
300859.SZ,20250418,41.21,41.4,38.85,39.46,41.55,-2.09,-5.0301,118335.18,472340.593
300859.SZ,20250417,41.0,44.43,40.55,41.55,41.67,-0.12,-0.288,165915.76,698702.283
300859.SZ,20250416,39.96,41.76,39.91,41.67,40.38,1.29,3.1947,133200.18,548022.404
300859.SZ,20250415,40.3,41.13,39.45,40.38,40.79,-0.41,-1.0051,86666.45,349252.381
300859.SZ,20250414,39.98,41.89,39.66,40.79,39.8,0.99,2.4874,125012.1,509847.924
300859.SZ,20250411,39.61,41.19,39.61,39.8,40.38,-0.58,-1.4364,117279.23,472146.481
300859.SZ,20250410,38.0,41.5,37.8,40.38,38.77,1.61,4.1527,166848.39,668065.547
300859.SZ,20250409,35.57,39.31,34.02,38.77,36.34,2.43,6.6868,132923.29,493078.531
300859.SZ,20250408,35.85,36.6,35.06,36.34,35.02,1.32,3.7693,84183.0,302500.924
300859.SZ,20250407,36.21,37.35,33.6,35.02,38.39,-3.37,-8.7783,113014.15,406075.711
300859.SZ,20250403,37.18,39.3,37.18,38.39,37.61,0.78,2.0739,103003.0,394623.505
300859.SZ,20250402,36.63,37.89,36.59,37.61,37.01,0.6,1.6212,64569.0,241055.43
300859.SZ,20250401,36.46,38.65,36.46,37.01,37.25,-0.24,-0.6443,90695.31,339032.027
300859.SZ,20250331,40.4,40.98,37.25,37.25,38.96,-1.71,-4.3891,128580.19,505852.059
300859.SZ,20250328,38.3,40.2,38.3,38.96,39.31,-0.35,-0.8904,87197.0,343234.181
300859.SZ,20250327,38.4,39.43,38.03,39.31,38.7,0.61,1.5762,107297.11,417109.05
300859.SZ,20250326,37.72,38.98,37.12,38.7,38.1,0.6,1.5748,88738.79,338652.865
300859.SZ,20250325,37.78,38.88,37.23,38.1,38.78,-0.68,-1.7535,99209.81,376301.613
300859.SZ,20250324,37.7,40.68,37.38,38.78,37.33,1.45,3.8843,130182.14,508962.586
300859.SZ,20250321,38.14,38.4,36.53,37.33,38.52,-1.19,-3.0893,72459.77,270460.987
300859.SZ,20250320,38.65,39.3,38.29,38.52,38.59,-0.07,-0.1814,56021.81,217758.951
300859.SZ,20250319,38.35,39.1,38.21,38.59,38.54,0.05,0.1297,54201.14,209849.204
300859.SZ,20250318,38.0,39.05,37.8,38.54,38.1,0.44,1.1549,64339.5,247795.179
300859.SZ,20250317,38.99,39.5,37.89,38.1,38.12,-0.02,-0.0525,64549.0,248548.772
300859.SZ,20250314,37.51,38.15,37.02,38.12,37.4,0.72,1.9251,73603.65,278014.453
300859.SZ,20250313,36.9,37.46,36.32,37.4,37.12,0.28,0.7543,47040.0,173776.906
300859.SZ,20250312,37.23,38.2,36.93,37.12,37.39,-0.27,-0.7221,43931.0,164793.009
300859.SZ,20250311,35.7,37.5,35.6,37.39,36.1,1.29,3.5734,61183.88,225329.583
300859.SZ,20250310,36.3,36.92,35.78,36.1,36.42,-0.32,-0.8786,42354.0,153395.915
300859.SZ,20250307,35.9,37.5,35.52,36.42,36.07,0.35,0.9703,64961.28,237549.874
300859.SZ,20250306,35.88,36.45,35.42,36.07,36.03,0.04,0.111,55625.0,199882.43
300859.SZ,20250305,34.87,36.1,34.4,36.03,35.0,1.03,2.9429,77115.0,272095.489
300859.SZ,20250304,33.98,35.0,33.82,35.0,34.06,0.94,2.7598,67771.55,234221.291
300859.SZ,20250303,33.2,34.38,33.2,34.06,33.27,0.79,2.3745,47060.56,159560.249
300859.SZ,20250228,33.76,34.19,33.21,33.27,33.84,-0.57,-1.6844,46923.44,158244.17
300859.SZ,20250227,33.32,34.2,33.32,33.84,33.42,0.42,1.2567,50176.0,169915.827
300859.SZ,20250226,33.61,34.1,33.31,33.42,33.68,-0.26,-0.772,37978.24,127188.843
300859.SZ,20250225,34.1,34.58,33.61,33.68,34.39,-0.71,-2.0646,42035.13,142973.57
300859.SZ,20250224,34.0,34.95,33.61,34.39,34.06,0.33,0.9689,52102.05,178700.363
300859.SZ,20250221,34.15,34.5,33.66,34.06,34.25,-0.19,-0.5547,52096.0,177752.127
300859.SZ,20250220,34.17,34.73,34.0,34.25,34.07,0.18,0.5283,33336.35,114589.439
300859.SZ,20250219,33.01,34.15,33.0,34.07,32.97,1.1,3.3364,49288.42,166010.316
300859.SZ,20250218,34.35,34.55,32.83,32.97,34.58,-1.61,-4.6559,60557.0,202888.974
300859.SZ,20250217,34.8,35.48,34.33,34.58,34.83,-0.25,-0.7178,47176.0,164281.709
300859.SZ,20250214,35.22,35.66,34.58,34.83,35.42,-0.59,-1.6657,38413.01,133897.203
300859.SZ,20250213,35.5,36.52,35.42,35.42,35.2,0.22,0.625,64564.41,232046.684
300859.SZ,20250212,35.2,35.76,34.8,35.2,35.35,-0.15,-0.4243,42175.41,148128.831
300859.SZ,20250211,35.38,35.61,34.41,35.35,35.42,-0.07,-0.1976,55496.32,194751.431
300859.SZ,20250210,33.65,35.63,33.63,35.42,33.81,1.61,4.7619,78509.92,275036.304
300859.SZ,20250207,34.09,34.61,33.37,33.81,33.9,-0.09,-0.2655,53536.87,182257.837
300859.SZ,20250206,32.88,34.1,32.5,33.9,32.84,1.06,3.2278,44424.32,148266.845
300859.SZ,20250205,33.5,33.79,32.38,32.84,33.23,-0.39,-1.1736,35948.28,117956.714
300859.SZ,20250127,34.18,34.7,33.21,33.23,34.17,-0.94,-2.751,31178.34,105998.966
300859.SZ,20250124,33.47,34.33,33.28,34.17,33.6,0.57,1.6964,31475.01,106304.834
300859.SZ,20250123,34.37,34.8,33.55,33.6,34.0,-0.4,-1.1765,45015.0,153403.271
300859.SZ,20250122,36.04,36.04,33.8,34.0,36.04,-2.04,-5.6604,52411.3,181111.306
300859.SZ,20250121,36.4,36.95,35.33,36.04,36.77,-0.73,-1.9853,40352.33,144939.06
300859.SZ,20250120,36.0,37.4,36.0,36.77,36.2,0.57,1.5746,41056.13,151218.524
300859.SZ,20250117,35.53,36.8,35.08,36.2,35.88,0.32,0.8919,38432.13,139281.424
300859.SZ,20250116,35.6,36.4,35.18,35.88,35.59,0.29,0.8148,42223.28,150975.916
300859.SZ,20250115,34.87,36.66,34.87,35.59,35.45,0.14,0.3949,52830.0,189938.961
300859.SZ,20250114,34.65,35.45,34.26,35.45,33.96,1.49,4.3875,57327.66,200404.569
300859.SZ,20250113,32.2,34.5,31.86,33.96,32.74,1.22,3.7263,40404.83,135228.883
300859.SZ,20250110,34.1,34.22,32.71,32.74,34.1,-1.36,-3.9883,29799.83,99676.233
300859.SZ,20250109,33.46,34.45,33.1,34.1,33.56,0.54,1.6091,29980.97,101806.813
300859.SZ,20250108,33.37,34.3,32.84,33.56,33.72,-0.16,-0.4745,41419.97,138857.262
300859.SZ,20250107,33.02,34.0,33.02,33.72,32.78,0.94,2.8676,29152.0,98046.534
300859.SZ,20250106,33.25,33.59,32.3,32.78,33.32,-0.54,-1.6206,35566.97,117363.045
300859.SZ,20250103,36.04,36.5,33.2,33.32,36.03,-2.71,-7.5215,49963.77,171413.682
300859.SZ,20250102,35.18,37.04,35.04,36.03,35.18,0.85,2.4161,61474.85,223211.441
300859.SZ,20241231,36.0,36.42,34.9,35.18,35.83,-0.65,-1.8141,39143.71,139600.752
300859.SZ,20241230,37.0,37.59,35.5,35.83,37.1,-1.27,-3.4232,46372.0,167118.476
300859.SZ,20241227,37.45,38.38,36.95,37.1,37.28,-0.18,-0.4828,54559.0,204996.869
300859.SZ,20241226,37.25,37.87,36.65,37.28,37.46,-0.18,-0.4805,39279.34,146591.639
300859.SZ,20241225,40.4,40.4,36.96,37.46,40.6,-3.14,-7.734,86087.0,328975.582
300859.SZ,20241224,39.81,40.7,39.02,40.6,39.42,1.18,2.9934,35285.0,140977.37
300859.SZ,20241223,40.88,43.16,39.3,39.42,41.24,-1.82,-4.4132,54915.0,224973.886
300859.SZ,20241220,41.11,42.25,40.92,41.24,41.28,-0.04,-0.0969,36597.0,152354.171
300859.SZ,20241219,40.38,41.48,39.38,41.28,40.86,0.42,1.0279,47255.66,191688.6
300859.SZ,20241218,42.04,42.12,40.8,40.86,42.07,-1.21,-2.8762,44392.0,182710.101
300859.SZ,20241217,44.44,44.58,41.35,42.07,44.66,-2.59,-5.7994,87222.38,369926.956
300859.SZ,20241216,44.99,48.49,43.98,44.66,44.43,0.23,0.5177,132648.15,613091.945
300859.SZ,20241213,42.31,48.69,42.01,44.43,42.73,1.7,3.9785,139875.49,621596.444
300859.SZ,20241212,40.12,43.11,39.85,42.73,40.52,2.21,5.4541,86912.29,361877.679
300859.SZ,20241211,40.19,40.99,39.65,40.52,41.1,-0.58,-1.4112,62824.44,253507.576
300859.SZ,20241210,41.79,44.0,40.84,41.1,40.5,0.6,1.4815,88094.17,369750.22
300859.SZ,20241209,40.01,41.52,39.2,40.5,42.6,-2.1,-4.9296,75375.91,304533.929
300859.SZ,20241206,44.41,44.5,41.58,42.6,44.06,-1.46,-3.3137,95827.49,409714.515
300859.SZ,20241205,41.45,44.8,41.21,44.06,41.7,2.36,5.6595,87470.83,380445.023
300859.SZ,20241204,41.43,42.53,40.97,41.7,41.88,-0.18,-0.4298,53988.0,225470.051
300859.SZ,20241203,42.5,42.82,41.49,41.88,42.5,-0.62,-1.4588,45854.0,192421.018
300859.SZ,20241202,40.59,43.05,40.56,42.5,41.0,1.5,3.6585,60108.0,253223.713
300859.SZ,20241129,39.19,41.47,39.19,41.0,39.55,1.45,3.6662,47999.0,194877.87
300859.SZ,20241128,39.13,40.97,39.13,39.55,39.41,0.14,0.3552,47484.66,190866.06
300859.SZ,20241127,39.0,39.47,37.6,39.41,39.15,0.26,0.6641,46471.66,179844.511
300859.SZ,20241126,38.8,40.25,38.35,39.15,39.21,-0.06,-0.153,46194.66,180973.393
300859.SZ,20241125,37.7,40.4,37.7,39.21,37.74,1.47,3.8951,69754.99,273154.686
300859.SZ,20241122,39.68,39.95,37.35,37.74,39.9,-2.16,-5.4135,55868.65,215922.582
300859.SZ,20241121,40.0,40.88,39.62,39.9,40.46,-0.56,-1.3841,41240.0,164775.3
300859.SZ,20241120,39.46,40.8,39.05,40.46,39.59,0.87,2.1975,49751.0,198719.612
300859.SZ,20241119,38.09,39.88,37.59,39.59,37.78,1.81,4.7909,64268.47,249426.033
300859.SZ,20241118,40.05,40.87,37.12,37.78,40.4,-2.62,-6.4851,85823.0,330257.04
300859.SZ,20241115,42.33,43.4,40.05,40.4,42.86,-2.46,-5.7396,77294.19,324234.696
300859.SZ,20241114,41.8,43.93,41.8,42.86,42.86,0.0,0.0,80854.0,348114.545
300859.SZ,20241113,45.78,45.88,41.5,42.86,47.14,-4.28,-9.0793,146079.92,630958.733
300859.SZ,20241112,46.34,48.49,46.34,47.14,47.0,0.14,0.2979,97349.34,462724.81
300859.SZ,20241111,44.14,47.83,43.9,47.0,46.44,0.56,1.2059,128313.54,593703.81
300859.SZ,20241108,43.54,50.0,43.15,46.44,44.49,1.95,4.383,202397.74,924459.389
300859.SZ,20241107,40.62,47.97,39.7,44.49,40.18,4.31,10.7267,170077.72,744415.054
300859.SZ,20241106,38.54,41.0,38.42,40.18,38.49,1.69,4.3908,134219.38,533580.084
300859.SZ,20241105,38.1,38.84,37.82,38.49,38.59,-0.1,-0.2591,90360.85,345863.327
300859.SZ,20241104,39.04,39.5,36.63,38.59,39.1,-0.51,-1.3043,119724.11,453060.677
300859.SZ,20241101,38.46,40.28,37.43,39.1,38.96,0.14,0.3593,128961.0,503352.231
300859.SZ,20241031,37.96,39.94,37.7,38.96,37.92,1.04,2.7426,105836.24,411727.839
300859.SZ,20241030,37.0,38.88,37.0,37.92,37.57,0.35,0.9316,80600.0,305463.165
300859.SZ,20241029,38.54,39.94,37.4,37.57,38.53,-0.96,-2.4916,104680.24,403093.685
300859.SZ,20241028,39.38,39.73,37.96,38.53,39.28,-0.75,-1.9094,104846.24,404185.615
300859.SZ,20241025,38.6,39.57,37.18,39.28,39.46,-0.18,-0.4562,132846.53,510131.102
300859.SZ,20241024,40.1,40.62,38.77,39.46,39.55,-0.09,-0.2276,94628.54,375350.909
300859.SZ,20241023,39.89,41.73,39.02,39.55,40.0,-0.45,-1.125,114872.11,460473.707
300859.SZ,20241022,41.17,42.78,38.9,40.0,41.04,-1.04,-2.5341,186624.53,761760.323
300859.SZ,20241021,37.49,42.99,36.5,41.04,37.1,3.94,10.6199,246426.7,995422.767
300859.SZ,20241018,33.93,37.5,33.33,37.1,34.19,2.91,8.5113,169160.49,602772.321
300859.SZ,20241017,32.99,35.51,32.98,34.19,32.27,1.92,5.9498,153219.73,530077.52
300859.SZ,20241016,31.69,32.65,31.45,32.27,32.31,-0.04,-0.1238,58600.0,187864.206
300859.SZ,20241015,32.27,33.52,31.63,32.31,32.23,0.08,0.2482,78619.0,256915.346
300859.SZ,20241014,31.96,33.0,30.68,32.23,32.36,-0.13,-0.4017,90563.42,289327.914
300859.SZ,20241011,32.5,33.88,31.81,32.36,33.37,-1.01,-3.0267,82783.88,270214.468
300859.SZ,20241010,31.9,35.0,31.11,33.37,31.32,2.05,6.5453,147052.05,484251.422
300859.SZ,20241009,35.2,35.2,31.06,31.32,38.4,-7.08,-18.4375,214398.69,710697.186
300859.SZ,20241008,43.0,43.0,34.93,38.4,37.94,0.46,1.2124,341906.62,1345255.642
300859.SZ,20240930,35.0,37.94,33.12,37.94,31.62,6.32,19.9873,248967.62,881812.1
300859.SZ,20240927,30.3,32.61,29.4,31.62,30.2,1.42,4.702,176599.69,540959.379
300859.SZ,20240926,29.1,30.3,28.98,30.2,29.56,0.64,2.1651,134333.0,399417.183
300859.SZ,20240925,29.38,31.28,29.0,29.56,29.17,0.39,1.337,146026.06,437630.641
300859.SZ,20240924,28.0,29.33,28.0,29.17,28.24,0.93,3.2932,125297.06,360843.303
300859.SZ,20240923,28.12,28.68,27.82,28.24,28.12,0.12,0.4267,80197.3,226139.147
300859.SZ,20240920,27.42,28.36,27.37,28.12,27.78,0.34,1.2239,86266.0,241301.203
300859.SZ,20240919,27.01,28.51,27.0,27.78,26.9,0.88,3.2714,113245.91,313963.604
300859.SZ,20240918,26.7,27.26,26.16,26.9,27.3,-0.4,-1.4652,75607.0,201939.981
300859.SZ,20240913,27.83,28.4,26.76,27.3,27.55,-0.25,-0.9074,93917.0,258508.998
300859.SZ,20240912,27.46,28.05,27.32,27.55,27.46,0.09,0.3277,75721.0,209211.236
300859.SZ,20240911,27.12,27.96,26.91,27.46,27.31,0.15,0.5492,97468.96,267223.472
300859.SZ,20240910,27.59,27.85,26.16,27.31,28.42,-1.11,-3.9057,170218.09,456960.334
300859.SZ,20240909,26.5,29.5,25.7,28.42,24.58,3.84,15.6225,252705.15,708862.787
300859.SZ,20240906,24.38,24.98,24.24,24.58,24.45,0.13,0.5317,34553.0,85122.47
300859.SZ,20240905,24.38,24.58,24.22,24.45,24.33,0.12,0.4932,23204.0,56662.359
300859.SZ,20240904,24.52,24.95,24.24,24.33,24.82,-0.49,-1.9742,31745.0,77878.421
300859.SZ,20240903,24.79,25.3,24.62,24.82,24.92,-0.1,-0.4013,36460.0,90874.678
300859.SZ,20240902,25.2,25.64,24.76,24.92,25.38,-0.46,-1.8125,46664.0,117431.943
300859.SZ,20240830,24.86,25.88,24.81,25.38,24.95,0.43,1.7234,66952.2,169738.937
300859.SZ,20240829,25.2,25.43,24.75,24.95,25.35,-0.4,-1.5779,42970.75,107510.913
300859.SZ,20240828,25.62,26.16,24.91,25.35,25.75,-0.4,-1.5534,55071.0,140676.761
300859.SZ,20240827,25.72,26.12,25.44,25.75,25.92,-0.17,-0.6559,55860.2,143772.45
300859.SZ,20240826,25.66,26.79,24.65,25.92,25.96,-0.04,-0.1541,98781.0,254217.309
300859.SZ,20240823,24.1,26.08,24.1,25.96,24.06,1.9,7.8969,77706.0,195804.514
300859.SZ,20240822,25.12,25.17,23.98,24.06,25.19,-1.13,-4.4859,33718.0,82460.886
300859.SZ,20240821,25.49,25.49,24.89,25.19,25.04,0.15,0.599,21477.48,54003.671
300859.SZ,20240820,25.82,25.89,24.98,25.04,25.72,-0.68,-2.6439,29685.0,75028.569
300859.SZ,20240819,25.8,26.12,25.58,25.72,25.99,-0.27,-1.0389,21693.0,55928.119
300859.SZ,20240816,26.1,26.19,25.81,25.99,26.08,-0.09,-0.3451,27750.0,72098.969
300859.SZ,20240815,25.82,26.45,25.75,26.08,25.96,0.12,0.4622,45570.37,119181.704
300859.SZ,20240814,26.13,26.42,25.83,25.96,26.11,-0.15,-0.5745,30226.0,78824.724
300859.SZ,20240813,26.1,26.47,25.72,26.11,26.07,0.04,0.1534,34253.0,89317.585
300859.SZ,20240812,26.82,26.82,25.68,26.07,26.88,-0.81,-3.0134,58268.0,151411.776
300859.SZ,20240809,26.47,27.5,26.42,26.88,26.57,0.31,1.1667,71357.0,192683.625
300859.SZ,20240808,26.07,27.54,26.01,26.57,26.33,0.24,0.9115,81642.0,219346.357
300859.SZ,20240807,26.25,26.5,25.8,26.33,26.6,-0.27,-1.015,50732.0,132626.05
300859.SZ,20240806,26.66,26.87,26.24,26.6,26.6,0.0,0.0,63921.29,169541.59
300859.SZ,20240805,27.1,27.77,26.29,26.6,26.48,0.12,0.4532,94646.71,254359.919
300859.SZ,20240802,26.26,26.74,26.1,26.48,26.48,0.0,0.0,44995.0,118522.902
300859.SZ,20240801,26.12,26.67,25.86,26.48,26.42,0.06,0.2271,66210.2,173692.72
300859.SZ,20240731,24.5,27.16,24.5,26.42,24.7,1.72,6.9636,103691.49,268032.052
300859.SZ,20240730,24.0,24.95,23.7,24.7,24.02,0.68,2.831,62568.4,152070.075
300859.SZ,20240729,23.59,24.29,23.48,24.02,23.67,0.35,1.4787,45222.11,108288.688
300859.SZ,20240726,22.83,23.86,22.7,23.67,22.92,0.75,3.2723,48554.0,113201.271
300859.SZ,20240725,22.77,23.49,22.28,22.92,22.67,0.25,1.1028,51145.4,117434.005
300859.SZ,20240724,24.05,24.33,22.52,22.67,24.29,-1.62,-6.6694,72310.71,167679.359
300859.SZ,20240723,24.82,25.27,24.23,24.29,24.85,-0.56,-2.2535,40213.71,99702.56
300859.SZ,20240722,24.3,24.94,24.1,24.85,24.47,0.38,1.5529,37775.0,93056.083
300859.SZ,20240719,25.26,25.28,24.39,24.47,25.36,-0.89,-3.5095,48738.0,120841.627
300859.SZ,20240718,25.15,25.5,24.62,25.36,25.38,-0.02,-0.0788,47772.09,119863.718
300859.SZ,20240717,25.41,25.75,24.88,25.38,25.4,-0.02,-0.0787,44033.0,111587.473
300859.SZ,20240716,25.7,26.3,25.12,25.4,25.8,-0.4,-1.5504,52725.0,134257.029
300859.SZ,20240715,26.94,26.96,25.35,25.8,27.88,-2.08,-7.4605,80036.53,208373.189
300859.SZ,20240712,30.1,30.6,27.8,27.88,29.88,-2.0,-6.6934,102322.0,298299.07
300859.SZ,20240711,29.63,30.68,28.67,29.88,29.28,0.6,2.0492,55133.0,163963.222
300859.SZ,20240710,30.31,30.5,29.15,29.28,30.4,-1.12,-3.6842,42732.0,127483.114
300859.SZ,20240709,30.33,30.77,29.0,30.4,30.49,-0.09,-0.2952,60333.0,181157.851
300859.SZ,20240708,30.7,31.06,30.2,30.49,30.7,-0.21,-0.684,44123.0,134806.667
300859.SZ,20240705,30.6,31.25,30.5,30.7,30.7,0.0,0.0,48900.0,150866.642
300859.SZ,20240704,31.52,31.52,30.12,30.7,31.62,-0.92,-2.9096,73264.0,224838.239
300859.SZ,20240703,31.39,31.97,31.1,31.62,31.0,0.62,2.0,86945.0,274558.372
300859.SZ,20240702,30.93,31.42,30.66,31.0,31.16,-0.16,-0.5135,61351.0,190570.852
300859.SZ,20240701,30.62,31.33,30.31,31.16,30.63,0.53,1.7303,73908.57,228426.151
300859.SZ,20240628,29.6,30.94,29.5,30.63,29.77,0.86,2.8888,76417.57,230809.893
300859.SZ,20240627,29.46,31.15,29.41,29.77,29.75,0.02,0.0672,81506.0,246614.337
300859.SZ,20240626,29.11,29.85,29.0,29.75,29.61,0.14,0.4728,52790.0,155548.167
300859.SZ,20240625,29.0,30.2,28.37,29.61,28.9,0.71,2.4567,65044.0,190925.967
300859.SZ,20240624,29.76,29.79,28.68,28.9,29.75,-0.85,-2.8571,43896.0,128316.447
300859.SZ,20240621,29.2,30.2,29.15,29.75,29.55,0.2,0.6768,47197.0,140879.531
300859.SZ,20240620,29.6,30.18,28.84,29.55,29.55,0.0,0.0,49757.0,146993.334
300859.SZ,20240619,29.4,30.26,29.4,29.55,29.4,0.15,0.5102,48770.0,145333.11
300859.SZ,20240618,28.9,29.89,28.9,29.4,29.09,0.31,1.0657,38661.52,113985.96
300859.SZ,20240617,29.1,29.53,28.79,29.09,29.3,-0.21,-0.7167,35389.0,103024.024
300859.SZ,20240614,29.99,30.38,28.88,29.3,30.0,-0.7,-2.3333,52664.57,156066.054
300859.SZ,20240613,30.73,30.75,29.72,30.0,30.69,-0.69,-2.2483,56366.0,170334.596
300859.SZ,20240612,30.1,31.15,30.1,30.69,30.42,0.27,0.8876,52132.0,160184.418
300859.SZ,20240611,30.66,31.31,30.13,30.42,31.2,-0.78,-2.5,59171.32,180920.019
300859.SZ,20240607,31.6,32.18,31.16,31.2,31.38,-0.18,-0.5736,55446.06,175065.539
300859.SZ,20240606,31.31,31.87,30.55,31.38,31.88,-0.5,-1.5684,79254.01,247101.764
300859.SZ,20240605,31.71,33.0,31.36,31.88,31.78,0.1,0.3147,88286.57,283502.222
300859.SZ,20240604,28.98,34.0,28.2,31.78,29.14,2.64,9.0597,131704.56,411800.646
300859.SZ,20240603,31.03,31.23,28.58,29.14,31.03,-1.89,-6.0909,84042.62,248888.401
300859.SZ,20240531,31.0,31.98,30.21,31.03,31.0,0.03,0.0968,72110.63,223948.172
300859.SZ,20240530,32.4,33.3,31.0,31.0,33.78,-2.78,-8.2297,130872.11,418096.439
300859.SZ,20240528,33.41,33.98,33.23,33.78,34.1,-0.32,-0.9384,33922.57,114265.969
300859.SZ,20240527,33.91,34.1,33.0,34.1,33.95,0.15,0.4418,44936.05,151330.131
300859.SZ,20240524,33.69,34.16,32.81,33.95,33.64,0.31,0.9215,51146.32,171972.806
300859.SZ,20240523,33.66,34.15,33.43,33.94,33.6,0.34,1.0119,51541.0,174462.432
300859.SZ,20240522,32.99,33.69,32.66,33.6,32.98,0.62,1.8799,46190.0,153625.096
300859.SZ,20240521,31.76,33.41,31.7,32.98,32.27,0.71,2.2002,56816.0,185629.575
300859.SZ,20240520,32.98,33.72,32.27,32.27,31.9,0.37,1.1599,76397.71,251573.899
300859.SZ,20240517,31.55,32.32,31.18,31.9,31.38,0.52,1.6571,40932.11,130245.68
300859.SZ,20240516,31.23,32.15,31.13,31.38,31.14,0.24,0.7707,35278.0,111770.991
300859.SZ,20240515,31.11,31.71,30.89,31.14,32.07,-0.93,-2.8999,49287.0,154322.493
300859.SZ,20240514,31.73,32.38,31.25,32.07,32.05,0.02,0.0624,32752.0,104605.657
300859.SZ,20240513,31.31,32.3,30.17,32.05,31.11,0.94,3.0215,42206.77,132266.466
300859.SZ,20240510,31.39,32.35,30.81,31.11,31.4,-0.29,-0.9236,46273.15,146489.296
300859.SZ,20240509,31.28,31.68,31.02,31.4,30.83,0.57,1.8488,35590.0,111716.564
300859.SZ,20240508,29.85,31.27,29.73,30.83,29.97,0.86,2.8695,54537.0,167555.849
300859.SZ,20240507,29.77,30.2,28.89,29.97,29.5,0.47,1.5932,46919.37,138761.887
300859.SZ,20240506,30.09,30.41,28.98,29.5,30.24,-0.74,-2.4471,67281.25,199794.059
300859.SZ,20240430,31.66,31.96,29.82,30.24,31.68,-1.44,-4.5455,64604.81,197235.371
300859.SZ,20240429,31.55,32.68,31.01,31.68,32.56,-0.88,-2.7027,89459.0,286221.104
300859.SZ,20240426,33.93,34.65,32.55,32.56,33.0,-0.44,-1.3333,134595.87,453206.318
300859.SZ,20240425,31.15,33.5,30.92,33.0,31.27,1.73,5.5325,106158.56,343479.113
300859.SZ,20240424,30.47,31.85,30.15,31.27,29.43,1.84,6.2521,88919.06,276833.72
300859.SZ,20240423,31.07,31.68,29.42,29.43,31.1,-1.67,-5.3698,67551.0,205834.466
300859.SZ,20240422,30.7,32.7,30.53,31.1,31.03,0.07,0.2256,82652.04,260983.1
300859.SZ,20240419,29.21,31.53,28.82,31.03,29.53,1.5,5.0796,61290.04,183342.099
300859.SZ,20240418,28.8,29.98,28.45,29.53,28.64,0.89,3.1075,49391.0,145541.27
300859.SZ,20240417,27.12,28.75,27.1,28.64,26.12,2.52,9.6478,55582.66,155179.583
300859.SZ,20240416,28.78,28.87,24.81,26.12,29.16,-3.04,-10.4252,76735.06,206321.19
300859.SZ,20240415,30.88,31.66,29.0,29.16,31.4,-2.24,-7.1338,67018.86,201253.849
300859.SZ,20240412,32.3,32.49,31.38,31.4,32.33,-0.93,-2.8766,44846.0,143482.394
300859.SZ,20240411,31.6,32.6,31.6,32.33,32.12,0.21,0.6538,44587.64,143113.496
300859.SZ,20240410,31.33,32.5,30.72,32.12,31.56,0.56,1.7744,56879.74,180647.185
300859.SZ,20240409,30.6,32.3,30.0,31.56,31.0,0.56,1.8065,64034.52,199913.134
300859.SZ,20240408,32.05,33.98,30.57,31.0,31.66,-0.66,-2.0846,76544.8,247947.819
300859.SZ,20240403,30.14,32.49,30.12,31.66,30.88,0.78,2.5259,57291.37,179571.23
300859.SZ,20240402,29.3,31.68,29.29,30.88,29.45,1.43,4.8557,74667.62,228994.228
300859.SZ,20240401,29.01,29.67,28.8,29.45,28.93,0.52,1.7974,49889.0,145826.484
300859.SZ,20240329,28.38,29.17,28.25,28.93,28.16,0.77,2.7344,49317.11,141623.696
300859.SZ,20240328,27.33,28.78,27.18,28.16,27.06,1.1,4.065,58915.0,166049.184
300859.SZ,20240327,27.8,28.18,27.06,27.06,27.91,-0.85,-3.0455,40487.0,111353.849
300859.SZ,20240326,27.81,28.16,27.5,27.91,27.78,0.13,0.468,37000.0,102867.312
300859.SZ,20240325,28.8,29.28,27.62,27.78,28.88,-1.1,-3.8089,43761.0,125027.631
300859.SZ,20240322,28.55,29.48,28.33,28.88,28.9,-0.02,-0.0692,51774.69,149915.6
300859.SZ,20240321,28.69,29.49,28.11,28.9,28.4,0.5,1.7606,51215.0,147412.957
300859.SZ,20240320,28.28,28.8,28.05,28.4,27.92,0.48,1.7192,38758.0,110327.648
300859.SZ,20240319,27.8,28.18,27.55,27.92,28.15,-0.23,-0.8171,49031.0,136673.202
300859.SZ,20240318,27.26,28.65,27.26,28.15,26.98,1.17,4.3365,75912.89,213136.74
300859.SZ,20240315,26.23,27.0,26.15,26.98,26.2,0.78,2.9771,37095.6,99097.676
300859.SZ,20240314,25.86,27.09,25.86,26.2,26.15,0.05,0.1912,42508.0,112738.747
300859.SZ,20240313,26.18,26.7,25.92,26.15,26.38,-0.23,-0.8719,38720.0,101608.438
300859.SZ,20240312,25.1,26.58,24.92,26.38,25.04,1.34,5.3514,55791.6,144546.681
300859.SZ,20240311,24.7,25.16,24.6,25.04,24.8,0.24,0.9677,25807.29,64276.064
300859.SZ,20240308,24.82,24.83,24.36,24.8,24.92,-0.12,-0.4815,23118.0,56894.207
300859.SZ,20240307,24.4,25.48,24.21,24.92,24.37,0.55,2.2569,41911.0,103712.801
300859.SZ,20240306,23.35,24.43,23.32,24.37,23.56,0.81,3.438,31285.0,75211.29
300859.SZ,20240305,23.25,24.14,23.1,23.56,23.26,0.3,1.2898,33267.0,79065.092
300859.SZ,20240304,24.07,24.24,23.04,23.26,24.06,-0.8,-3.325,40273.0,94620.29
300859.SZ,20240301,23.92,24.26,23.83,24.06,24.01,0.05,0.2082,17816.39,42799.289
300859.SZ,20240229,23.07,24.01,23.0,24.01,23.34,0.67,2.8706,28601.0,67804.802
300859.SZ,20240228,24.8,24.97,23.18,23.34,24.75,-1.41,-5.697,45268.39,109454.152
300859.SZ,20240227,24.22,24.79,24.03,24.75,24.23,0.52,2.1461,27970.13,68748.577
300859.SZ,20240226,24.0,24.6,23.9,24.23,24.18,0.05,0.2068,27477.38,66601.901
300859.SZ,20240223,23.89,24.25,23.62,24.18,23.9,0.28,1.1715,26407.0,63141.991
300859.SZ,20240222,23.29,24.13,23.13,23.9,23.4,0.5,2.1368,30209.0,71882.596
300859.SZ,20240221,22.82,24.4,22.67,23.4,22.9,0.5,2.1834,43290.0,102557.68
300859.SZ,20240220,22.16,23.18,22.16,22.9,22.71,0.19,0.8366,24514.0,55718.78
300859.SZ,20240219,22.52,22.95,22.01,22.71,22.1,0.61,2.7602,38802.42,87472.716
300859.SZ,20240208,20.49,22.37,20.11,22.1,20.3,1.8,8.867,46354.6,98657.323
300859.SZ,20240207,20.8,21.99,20.29,20.3,20.9,-0.6,-2.8708,38466.0,80931.758
300859.SZ,20240206,19.3,21.6,18.64,20.9,19.74,1.16,5.8764,37957.8,76663.673
300859.SZ,20240205,22.0,22.22,19.48,19.74,22.44,-2.7,-12.0321,50726.38,104646.647
300859.SZ,20240202,23.32,23.97,22.0,22.44,23.3,-0.86,-3.691,42614.0,97874.281
300859.SZ,20240201,24.12,24.32,23.19,23.3,24.51,-1.21,-4.9368,37460.0,88653.509
300859.SZ,20240131,25.97,26.18,24.23,24.51,26.2,-1.69,-6.4504,43185.8,108807.306
300859.SZ,20240130,26.15,26.35,25.71,26.2,26.27,-0.07,-0.2665,23435.6,61097.001
300859.SZ,20240129,26.9,27.15,26.03,26.27,26.99,-0.72,-2.6677,22546.0,59654.661
300859.SZ,20240126,27.0,27.38,26.85,26.99,27.01,-0.02,-0.074,25235.0,68312.889
300859.SZ,20240125,26.7,27.15,26.28,27.01,26.82,0.19,0.7084,35141.24,94043.672
300859.SZ,20240124,26.32,27.46,26.15,26.82,26.29,0.53,2.016,40281.0,107475.1
300859.SZ,20240123,25.5,26.32,24.91,26.29,25.8,0.49,1.8992,31153.01,80321.675
300859.SZ,20240122,27.1,27.15,25.58,25.8,26.79,-0.99,-3.6954,33029.0,86998.693
300859.SZ,20240119,26.57,27.28,26.57,26.79,26.65,0.14,0.5253,30724.0,83002.649
300859.SZ,20240118,26.9,27.02,25.9,26.65,27.21,-0.56,-2.0581,50338.0,133592.384
300859.SZ,20240117,28.11,28.39,26.81,27.21,28.3,-1.09,-3.8516,61548.22,170354.763
300859.SZ,20240116,27.9,29.88,27.8,28.3,28.2,0.1,0.3546,73405.0,211084.18
300859.SZ,20240115,27.22,28.49,27.19,28.2,27.46,0.74,2.6948,51884.0,145747.5
300859.SZ,20240112,27.85,28.22,27.41,27.46,28.11,-0.65,-2.3123,33408.0,92733.484
300859.SZ,20240111,27.49,28.27,27.22,28.11,27.21,0.9,3.3076,45244.0,125888.542
300859.SZ,20240110,27.11,27.35,26.42,27.21,27.32,-0.11,-0.4026,30728.29,82819.505
300859.SZ,20240109,26.91,27.95,26.77,27.32,26.73,0.59,2.2073,45326.06,124447.018
300859.SZ,20240108,27.51,27.85,26.6,26.73,27.52,-0.79,-2.8706,30532.0,83162.218
300859.SZ,20240105,27.98,28.5,27.27,27.52,28.05,-0.53,-1.8895,32522.59,90404.484
300859.SZ,20240104,27.85,28.88,27.85,28.05,27.85,0.2,0.7181,33635.0,95172.95
300859.SZ,20240103,27.8,28.03,27.64,27.85,27.87,-0.02,-0.0718,17273.0,48061.745
300859.SZ,20240102,27.71,28.28,27.58,27.87,27.8,0.07,0.2518,24633.0,68741.645
300859.SZ,20231229,27.28,27.88,27.28,27.8,27.33,0.47,1.7197,24460.0,67490.833
300859.SZ,20231228,27.16,27.5,26.81,27.33,26.96,0.37,1.3724,29698.0,80814.071
300859.SZ,20231227,26.9,27.06,26.65,26.96,26.91,0.05,0.1858,12383.0,33266.525
300859.SZ,20231226,26.87,27.19,26.81,26.91,26.94,-0.03,-0.1114,12933.0,34884.288
300859.SZ,20231225,26.35,27.0,26.34,26.94,26.36,0.58,2.2003,23597.0,63119.66
300859.SZ,20231222,27.61,27.67,26.02,26.36,27.72,-1.36,-4.9062,59440.0,159467.445
300859.SZ,20231221,27.4,27.73,27.12,27.72,27.4,0.32,1.1679,24468.21,67224.64
300859.SZ,20231220,27.72,27.8,27.32,27.4,27.61,-0.21,-0.7606,24690.0,68038.453
300859.SZ,20231219,27.09,28.07,27.08,27.61,27.13,0.48,1.7693,41191.29,113994.823
300859.SZ,20231218,27.61,27.84,27.02,27.13,27.73,-0.6,-2.1637,28992.0,79454.605
300859.SZ,20231215,27.72,28.1,27.58,27.73,27.71,0.02,0.0722,28276.0,78541.714
300859.SZ,20231214,27.5,28.17,27.33,27.71,27.46,0.25,0.9104,38403.98,106593.486
300859.SZ,20231213,27.58,27.86,27.33,27.46,27.52,-0.06,-0.218,23897.0,65743.342
300859.SZ,20231212,26.49,27.93,26.49,27.52,26.52,1.0,3.7707,51865.98,142069.803
300859.SZ,20231211,26.48,26.64,26.14,26.52,26.51,0.01,0.0377,20840.0,55054.245
300859.SZ,20231208,26.72,27.18,26.47,26.51,26.78,-0.27,-1.0082,29093.0,78088.074
300859.SZ,20231207,26.75,26.99,26.62,26.78,26.75,0.03,0.1121,24493.0,65599.836
300859.SZ,20231206,25.91,27.08,25.87,26.75,26.0,0.75,2.8846,46166.98,123113.662
300859.SZ,20231205,26.41,26.62,25.91,26.0,26.55,-0.55,-2.0716,33279.0,87586.651
300859.SZ,20231204,26.3,26.6,26.23,26.55,26.42,0.13,0.4921,24820.0,65688.27
300859.SZ,20231201,26.05,26.56,25.92,26.42,26.05,0.37,1.4203,38323.0,100618.995
300859.SZ,20231130,25.85,26.43,25.73,26.05,25.89,0.16,0.618,43252.48,113038.978
300859.SZ,20231129,25.88,25.95,25.76,25.89,25.9,-0.01,-0.0386,12173.0,31459.898
300859.SZ,20231128,25.8,25.91,25.63,25.9,25.85,0.05,0.1934,14019.0,36178.23
300859.SZ,20231127,25.86,25.93,25.52,25.85,25.71,0.14,0.5445,17634.0,45295.015
300859.SZ,20231124,25.82,26.01,25.61,25.71,25.86,-0.15,-0.58,17399.0,44849.768
300859.SZ,20231123,25.71,25.88,25.45,25.86,25.84,0.02,0.0774,20192.0,51859.634
300859.SZ,20231122,25.77,26.22,25.7,25.84,25.77,0.07,0.2716,31311.0,81251.061
300859.SZ,20231121,25.77,25.91,25.61,25.77,25.84,-0.07,-0.2709,19353.0,49897.55
300859.SZ,20231120,25.68,26.03,25.66,25.84,25.67,0.17,0.6623,27203.0,70377.819
300859.SZ,20231117,25.8,25.81,25.54,25.67,25.9,-0.23,-0.888,19097.0,48977.543
300859.SZ,20231116,25.61,26.18,25.57,25.9,25.7,0.2,0.7782,32440.92,83901.776
300859.SZ,20231115,25.45,25.71,25.37,25.7,25.45,0.25,0.9823,19531.9,49833.624
300859.SZ,20231114,25.5,25.68,25.41,25.45,25.51,-0.06,-0.2352,18683.0,47716.444
300859.SZ,20231113,25.31,25.54,25.29,25.51,25.36,0.15,0.5915,13775.0,35021.568
300859.SZ,20231110,25.03,25.53,25.02,25.36,25.12,0.24,0.9554,16674.0,42199.64
300859.SZ,20231109,25.5,25.65,25.09,25.12,25.61,-0.49,-1.9133,27023.0,68343.118
300859.SZ,20231108,25.79,25.93,25.4,25.61,25.84,-0.23,-0.8901,28578.02,73318.263
300859.SZ,20231107,25.7,25.95,25.39,25.84,25.8,0.04,0.155,21433.0,55120.931
300859.SZ,20231106,25.82,26.06,25.65,25.8,25.62,0.18,0.7026,21282.0,54939.439
300859.SZ,20231103,25.76,25.99,25.6,25.62,25.73,-0.11,-0.4275,16483.0,42511.357
300859.SZ,20231102,25.64,26.02,25.22,25.73,25.95,-0.22,-0.8478,34142.48,87491.898
300859.SZ,20231101,26.5,26.85,25.8,25.95,25.93,0.02,0.0771,43214.98,113704.901
300859.SZ,20231031,25.5,26.31,25.5,25.93,25.67,0.26,1.0129,35902.0,93047.593
300859.SZ,20231030,25.85,25.85,25.2,25.67,25.99,-0.32,-1.2312,50355.48,128692.545
300859.SZ,20231027,25.1,25.99,24.99,25.99,25.0,0.99,3.96,41269.0,105581.281
300859.SZ,20231026,24.82,25.01,24.46,25.0,24.99,0.01,0.04,24334.0,60001.546
300859.SZ,20231025,24.69,25.48,24.69,24.99,24.54,0.45,1.8337,27847.0,69822.555
300859.SZ,20231024,24.21,24.56,24.08,24.54,24.05,0.49,2.0374,16891.0,41190.292
300859.SZ,20231023,24.2,24.41,23.93,24.05,24.54,-0.49,-1.9967,22026.0,53121.926
300859.SZ,20231020,24.7,25.23,24.52,24.54,24.95,-0.41,-1.6433,23797.0,59116.379
300859.SZ,20231019,24.72,25.36,24.67,24.95,24.85,0.1,0.4024,21959.0,55025.984
300859.SZ,20231018,25.59,25.59,24.73,24.85,25.6,-0.75,-2.9297,28618.0,71608.149
300859.SZ,20231017,26.0,26.09,25.38,25.6,26.05,-0.45,-1.7274,34857.0,89606.45
300859.SZ,20231016,26.66,26.66,25.45,26.05,27.01,-0.96,-3.5542,63290.0,165262.694
300859.SZ,20231013,26.57,27.1,26.36,27.01,25.94,1.07,4.1249,80482.0,215640.812
300859.SZ,20231012,25.5,26.25,25.38,25.94,25.28,0.66,2.6108,33791.0,87343.128
300859.SZ,20231011,25.15,25.42,25.06,25.28,25.2,0.08,0.3175,21420.0,54195.706
300859.SZ,20231010,24.85,25.28,24.8,25.2,24.66,0.54,2.1898,28662.0,71789.249
300859.SZ,20231009,25.99,25.99,24.55,24.66,26.45,-1.79,-6.7675,55642.0,139390.428
300859.SZ,20230928,25.74,26.95,25.74,26.45,25.7,0.75,2.9183,54304.51,143456.802
300859.SZ,20230927,25.38,25.85,25.16,25.7,25.51,0.19,0.7448,24526.7,62410.261
300859.SZ,20230926,25.62,25.92,25.5,25.51,25.52,-0.01,-0.0392,22050.0,56685.96
300859.SZ,20230925,25.45,25.74,25.18,25.52,25.44,0.08,0.3145,24028.0,61231.222
300859.SZ,20230922,24.8,25.67,24.79,25.44,24.79,0.65,2.622,32143.0,81261.79
300859.SZ,20230921,24.66,25.05,24.61,24.79,24.73,0.06,0.2426,20806.0,51645.72
300859.SZ,20230920,25.15,25.19,24.67,24.73,25.35,-0.62,-2.4458,34912.0,87081.617
300859.SZ,20230919,26.41,26.53,25.27,25.35,26.6,-1.25,-4.6992,57407.0,147928.859
300859.SZ,20230918,26.39,26.94,26.27,26.6,26.36,0.24,0.9105,55552.63,148036.782
300859.SZ,20230915,26.45,26.89,26.27,26.36,26.56,-0.2,-0.753,44660.0,118828.006
300859.SZ,20230914,26.6,26.86,26.35,26.56,26.55,0.01,0.0377,28221.0,75089.834
300859.SZ,20230913,26.72,26.93,26.24,26.55,26.65,-0.1,-0.3752,33628.0,89488.952
300859.SZ,20230912,26.9,26.96,26.4,26.65,26.83,-0.18,-0.6709,34275.0,91361.747
300859.SZ,20230911,26.29,27.0,26.29,26.83,26.4,0.43,1.6288,45528.0,121856.782
300859.SZ,20230908,25.78,26.59,25.6,26.4,25.78,0.62,2.405,42805.22,111932.045
300859.SZ,20230907,25.71,26.4,25.71,25.78,25.85,-0.07,-0.2708,43553.22,113481.484
300859.SZ,20230906,25.88,26.2,25.64,25.85,26.0,-0.15,-0.5769,25848.0,66838.27
300859.SZ,20230905,26.55,26.55,25.95,26.0,26.57,-0.57,-2.1453,35310.0,92439.775
300859.SZ,20230904,26.34,26.68,26.0,26.57,26.13,0.44,1.6839,49411.36,130386.128
300859.SZ,20230901,25.24,26.48,25.24,26.13,25.22,0.91,3.6082,66327.79,172457.411
300859.SZ,20230831,25.38,25.68,25.05,25.22,25.18,0.04,0.1589,37088.66,94244.317
300859.SZ,20230830,24.93,25.57,24.81,25.18,24.95,0.23,0.9218,40981.0,103077.094
300859.SZ,20230829,24.06,25.06,24.06,24.95,24.34,0.61,2.5062,33671.29,83176.724
300859.SZ,20230828,25.24,25.69,24.26,24.34,24.6,-0.26,-1.0569,41140.22,102602.708
300859.SZ,20230825,25.1,25.18,24.5,24.6,25.31,-0.71,-2.8052,30678.0,76159.369
300859.SZ,20230824,24.45,25.39,24.4,25.31,24.45,0.86,3.5174,30081.0,74983.816
300859.SZ,20230823,24.33,24.74,24.13,24.45,24.3,0.15,0.6173,20480.0,50071.489
300859.SZ,20230822,24.13,24.33,23.82,24.3,24.0,0.3,1.25,21513.22,51914.432
300859.SZ,20230821,24.32,24.75,23.78,24.0,24.32,-0.32,-1.3158,27391.44,66463.22
300859.SZ,20230818,25.28,25.43,24.06,24.32,25.26,-0.94,-3.7213,44913.0,111293.167
300859.SZ,20230817,25.03,25.34,24.86,25.26,25.05,0.21,0.8383,21045.0,52936.417
300859.SZ,20230816,25.05,25.28,25.03,25.05,25.29,-0.24,-0.949,17381.29,43671.993
300859.SZ,20230815,25.06,25.46,25.01,25.29,25.29,0.0,0.0,23362.0,58939.657
300859.SZ,20230814,24.65,25.87,24.58,25.29,24.96,0.33,1.3221,40868.0,103818.859
300859.SZ,20230811,25.06,25.82,24.91,24.96,25.22,-0.26,-1.0309,33989.0,86210.838
300859.SZ,20230810,25.04,25.37,25.0,25.22,25.04,0.18,0.7188,18509.29,46650.242
300859.SZ,20230809,25.35,25.47,25.0,25.04,25.4,-0.36,-1.4173,18319.0,45999.241
300859.SZ,20230808,25.02,25.52,25.01,25.4,25.08,0.32,1.2759,16731.46,42337.877
300859.SZ,20230807,24.5,25.32,24.48,25.08,24.51,0.57,2.3256,24118.46,60298.317
300859.SZ,20230804,24.66,24.84,24.32,24.51,24.65,-0.14,-0.568,20502.0,50472.949
300859.SZ,20230803,24.65,24.87,24.52,24.65,24.61,0.04,0.1625,18410.58,45460.098
300859.SZ,20230802,25.28,25.34,24.61,24.61,25.35,-0.74,-2.9191,24252.0,60272.701
300859.SZ,20230801,25.8,25.8,25.22,25.35,25.69,-0.34,-1.3235,25735.0,65501.818
300859.SZ,20230731,25.1,25.88,25.05,25.69,25.0,0.69,2.76,43529.0,111107.671
300859.SZ,20230728,24.88,25.19,24.62,25.0,24.99,0.01,0.04,24512.93,61044.816
300859.SZ,20230727,24.67,25.07,24.33,24.99,24.82,0.17,0.6849,29995.46,74587.255
300859.SZ,20230726,24.63,24.88,24.6,24.82,24.6,0.22,0.8943,23564.0,58312.779
300859.SZ,20230725,24.72,24.8,24.5,24.6,24.39,0.21,0.861,16675.0,41088.463
300859.SZ,20230724,24.1,24.49,23.98,24.39,24.11,0.28,1.1613,16077.74,39073.723
300859.SZ,20230721,24.03,24.42,23.7,24.11,24.02,0.09,0.3747,19362.0,46537.1
300859.SZ,20230720,24.02,24.7,23.9,24.02,24.02,0.0,0.0,27962.5,67951.387
300859.SZ,20230719,23.59,24.1,23.33,24.02,24.6,-0.58,-2.3577,39214.0,93257.306
300859.SZ,20230718,25.08,25.1,24.6,24.6,25.19,-0.59,-2.3422,27375.76,67912.471
300859.SZ,20230717,25.55,25.79,25.19,25.19,25.17,0.02,0.0795,42801.92,109233.274
300859.SZ,20230714,24.92,25.34,24.61,25.17,24.8,0.37,1.4919,36034.06,89869.249
300859.SZ,20230713,25.97,25.97,24.77,24.8,26.04,-1.24,-4.7619,56327.43,141195.86
300859.SZ,20230712,26.12,26.35,25.9,26.04,26.12,-0.08,-0.3063,25687.0,67081.274
300859.SZ,20230711,26.33,26.44,25.85,26.12,26.31,-0.19,-0.7222,28418.24,73936.424
300859.SZ,20230710,26.99,27.16,26.01,26.31,26.94,-0.63,-2.3385,37267.76,98630.556
300859.SZ,20230707,27.9,27.92,26.71,26.94,27.86,-0.92,-3.3022,55190.0,150236.491
300859.SZ,20230706,27.76,28.13,27.59,27.86,27.76,0.1,0.3602,25935.06,72254.312
300859.SZ,20230705,27.55,27.93,27.41,27.76,27.55,0.21,0.7623,26406.0,73127.731
300859.SZ,20230704,27.7,27.88,27.4,27.55,27.7,-0.15,-0.5415,23294.7,64175.261
300859.SZ,20230703,27.5,27.98,27.2,27.7,27.05,0.65,2.403,39151.24,108330.918
300859.SZ,20230630,27.0,27.44,26.84,27.05,27.0,0.05,0.1852,21643.15,58733.39
300859.SZ,20230629,27.07,27.33,26.8,27.0,27.17,-0.17,-0.6257,19684.74,53259.431
300859.SZ,20230628,27.76,27.91,26.85,27.17,27.92,-0.75,-2.6862,34489.15,94177.262
300859.SZ,20230627,27.18,28.29,27.01,27.92,26.92,1.0,3.7147,45198.46,125789.219
300859.SZ,20230626,26.75,27.52,26.63,26.92,26.87,0.05,0.1861,33778.0,91927.212
300859.SZ,20230621,26.94,27.4,26.85,26.87,26.85,0.02,0.0745,26712.0,72263.404
300859.SZ,20230620,27.57,27.57,26.8,26.85,27.39,-0.54,-1.9715,32217.53,87222.928
300859.SZ,20230619,28.2,28.43,27.31,27.39,28.15,-0.76,-2.6998,42437.0,118035.789
300859.SZ,20230616,28.0,28.44,27.71,28.15,27.85,0.3,1.0772,41287.0,115688.254
300859.SZ,20230615,27.44,27.97,26.58,27.85,27.5,0.35,1.2727,45723.0,124866.976
300859.SZ,20230614,27.77,28.18,27.5,27.5,27.53,-0.03,-0.109,37670.0,104844.512
300859.SZ,20230613,27.0,27.78,26.99,27.53,27.01,0.52,1.9252,33489.0,92009.574
300859.SZ,20230612,26.85,27.39,26.6,27.01,26.94,0.07,0.2598,39264.19,105852.434
300859.SZ,20230609,27.88,28.18,26.89,26.94,27.99,-1.05,-3.7513,61041.19,166803.544
300859.SZ,20230608,27.51,28.27,27.09,27.99,27.73,0.26,0.9376,49565.0,137406.862
300859.SZ,20230607,27.26,28.69,27.01,27.73,27.26,0.47,1.7241,79539.72,222499.194
300859.SZ,20230606,26.63,27.44,26.51,27.26,26.98,0.28,1.0378,60359.42,163337.086
300859.SZ,20230605,25.4,27.37,25.4,26.98,25.32,1.66,6.5561,78119.0,207351.383
300859.SZ,20230602,24.66,25.45,24.63,25.32,24.83,0.49,1.9734,42275.14,106210.453
300859.SZ,20230601,24.7,25.72,24.54,24.83,24.53,0.3,1.223,54516.23,136655.237
300859.SZ,20230531,24.05,24.8,23.95,24.53,24.13,0.4,1.6577,50412.0,123851.007
300859.SZ,20230530,23.8,24.2,23.65,24.13,23.88,0.25,1.0469,29975.0,71603.637
300859.SZ,20230529,24.0,24.45,23.8,23.88,23.85,0.03,0.1258,28487.99,68555.105
300859.SZ,20230526,23.36,23.98,23.35,23.85,23.43,0.42,1.7926,24601.88,58599.365
300859.SZ,20230525,23.56,23.78,23.2,23.43,23.75,-0.32,-1.3474,28809.89,67747.083
300859.SZ,20230524,24.05,24.53,23.67,23.75,24.2,-0.45,-1.8595,38596.32,93160.339
300859.SZ,20230523,23.78,24.54,23.78,24.2,23.78,0.42,1.7662,45398.13,110013.979
300859.SZ,20230522,23.28,24.03,22.95,23.78,23.24,0.54,2.3236,37077.86,87408.482
300859.SZ,20230519,23.0,23.32,22.71,23.24,23.09,0.15,0.6496,27602.63,63548.751
300859.SZ,20230518,23.17,23.29,22.67,23.09,23.21,-0.12,-0.517,28967.5,66552.854
300859.SZ,20230517,23.03,23.44,22.85,23.21,23.47,-0.26,-1.1078,35366.12,81902.517
300859.SZ,20230516,24.03,24.2,23.4,23.47,24.28,-0.81,-3.3361,41629.14,99223.17
300859.SZ,20230515,24.2,24.6,23.7,24.28,24.08,0.2,0.8306,44693.14,108341.035
300859.SZ,20230512,23.73,24.73,23.4,24.08,23.75,0.33,1.3895,49109.6,118288.031
300859.SZ,20230511,23.3,24.5,23.3,23.75,23.06,0.69,2.9922,54908.92,131376.854
300859.SZ,20230510,22.78,23.28,22.41,23.06,22.77,0.29,1.2736,36946.29,84943.472
300859.SZ,20230509,23.28,23.47,22.45,22.77,23.06,-0.29,-1.2576,55449.29,127059.373
300859.SZ,20230508,24.01,24.2,23.04,23.06,24.09,-1.03,-4.2756,65681.14,153873.61
300859.SZ,20230505,24.51,24.79,23.54,24.09,24.54,-0.45,-1.8337,70532.2,169883.912
300859.SZ,20230504,26.24,26.55,24.5,24.54,26.4,-1.86,-7.0455,115521.73,290382.843
300859.SZ,20230428,25.21,27.74,23.91,26.4,25.98,0.42,1.6166,182934.78,472662.893
300859.SZ,20230426,25.5,27.15,25.37,25.98,25.38,0.6,2.3641,185547.32,488128.623
300859.SZ,20230425,28.5,29.1,25.34,25.38,31.67,-6.29,-19.8611,243021.19,647470.59
300859.SZ,20230424,34.75,36.0,31.67,31.67,39.59,-7.92,-20.0051,205460.52,673688.021
300859.SZ,20230421,41.56,43.52,39.08,39.59,42.07,-2.48,-5.8949,169601.25,710278.275
300859.SZ,20230420,42.4,43.95,41.77,42.07,44.71,-2.64,-5.9047,159704.74,680994.514
300859.SZ,20230419,40.51,45.69,38.9,44.71,40.5,4.21,10.3951,201220.33,842848.227
300859.SZ,20230418,39.67,41.87,38.88,40.5,39.66,0.84,2.118,130055.74,522478.635
300859.SZ,20230417,38.91,41.5,38.64,39.66,39.59,0.07,0.1768,125149.05,498365.756
300859.SZ,20230414,40.0,42.38,39.0,39.59,41.47,-1.88,-4.5334,177919.33,719276.794
300859.SZ,20230413,36.1,42.39,35.6,41.47,36.81,4.66,12.6596,197798.11,756496.713
300859.SZ,20230412,36.41,37.6,35.39,36.81,36.2,0.61,1.6851,121028.04,440013.471
300859.SZ,20230411,36.68,39.46,36.12,36.2,36.68,-0.48,-1.3086,141211.84,530398.312
300859.SZ,20230410,34.73,37.13,34.62,36.68,35.13,1.55,4.4122,121239.43,437709.438
300859.SZ,20230407,34.39,35.85,34.31,35.13,34.38,0.75,2.1815,78968.0,277526.498
300859.SZ,20230406,34.6,35.0,34.0,34.38,35.0,-0.62,-1.7714,62556.0,215435.85
300859.SZ,20230404,35.21,36.29,34.12,35.0,35.0,0.0,0.0,95098.01,334397.666
300859.SZ,20230403,35.0,35.63,34.66,35.0,35.19,-0.19,-0.5399,87388.35,305880.424
300859.SZ,20230331,35.8,35.8,34.87,35.19,35.78,-0.59,-1.649,86145.41,303128.147
300859.SZ,20230330,33.78,35.78,33.52,35.78,34.0,1.78,5.2353,113709.64,395689.634
300859.SZ,20230329,33.96,35.09,33.6,34.0,34.5,-0.5,-1.4493,90400.2,310151.846
300859.SZ,20230328,33.12,34.88,32.88,34.5,33.3,1.2,3.6036,118039.51,400511.363
300859.SZ,20230327,31.7,34.24,31.55,33.3,31.7,1.6,5.0473,97363.31,322007.331
300859.SZ,20230324,32.05,32.89,31.66,31.7,32.19,-0.49,-1.5222,62067.82,200913.606
300859.SZ,20230323,32.03,32.32,31.7,32.19,32.22,-0.03,-0.0931,38530.92,123257.637
300859.SZ,20230322,32.26,32.44,31.84,32.22,32.3,-0.08,-0.2477,51418.24,164882.645
300859.SZ,20230321,31.51,32.9,31.48,32.3,31.67,0.63,1.9893,76920.99,247960.55
300859.SZ,20230320,30.84,31.94,30.25,31.67,31.05,0.62,1.9968,55168.88,172648.162
300859.SZ,20230317,30.8,31.76,30.52,31.05,30.58,0.47,1.537,52164.98,162966.432
300859.SZ,20230316,30.43,30.82,30.22,30.58,30.43,0.15,0.4929,36344.0,110771.001
300859.SZ,20230315,31.8,32.5,30.36,30.43,31.81,-1.38,-4.3383,66581.29,209101.009
300859.SZ,20230314,32.0,32.09,31.26,31.81,32.17,-0.36,-1.1191,57954.96,183429.101
300859.SZ,20230313,29.5,32.39,29.2,32.17,30.12,2.05,6.8061,93050.55,289996.288
300859.SZ,20230310,30.17,31.05,30.0,30.12,30.32,-0.2,-0.6596,44722.79,136178.994
300859.SZ,20230309,31.03,31.03,30.16,30.32,31.12,-0.8,-2.5707,44813.52,136381.547
300859.SZ,20230308,31.82,32.15,30.82,31.12,31.63,-0.51,-1.6124,60313.31,190114.297
300859.SZ,20230307,31.0,31.88,30.71,31.63,31.19,0.44,1.4107,74095.12,233391.415
300859.SZ,20230306,30.58,31.4,30.48,31.19,30.78,0.41,1.332,48348.99,150207.213
300859.SZ,20230303,31.1,31.26,30.48,30.78,31.02,-0.24,-0.7737,43563.91,134359.851
300859.SZ,20230302,30.68,31.5,30.58,31.02,30.68,0.34,1.1082,58314.0,181282.728
300859.SZ,20230301,30.38,30.86,30.05,30.68,30.6,0.08,0.2614,44771.0,136271.473
300859.SZ,20230228,30.23,30.9,30.09,30.6,30.38,0.22,0.7242,50491.0,154534.182
300859.SZ,20230227,29.35,30.63,29.1,30.38,29.29,1.09,3.7214,59920.73,181167.178
300859.SZ,20230224,29.25,29.44,28.82,29.29,29.25,0.04,0.1368,19030.0,55450.994
300859.SZ,20230223,29.62,29.92,29.18,29.25,29.62,-0.37,-1.2492,21113.0,62268.009
300859.SZ,20230222,29.69,29.81,29.4,29.62,30.1,-0.48,-1.5947,25987.36,76884.516
300859.SZ,20230221,29.3,30.19,29.06,30.1,29.3,0.8,2.7304,35917.35,106843.229
300859.SZ,20230220,28.88,29.4,28.51,29.3,29.28,0.02,0.0683,24707.99,71682.053
300859.SZ,20230217,29.38,29.99,28.8,29.28,29.47,-0.19,-0.6447,39327.05,115823.623
300859.SZ,20230216,30.32,30.88,29.3,29.47,30.19,-0.72,-2.3849,51209.99,155509.843
300859.SZ,20230215,30.16,30.35,29.89,30.19,30.31,-0.12,-0.3959,29146.97,87791.525
300859.SZ,20230214,30.74,30.74,30.1,30.31,30.85,-0.54,-1.7504,38958.01,118252.95
300859.SZ,20230213,30.6,30.87,30.3,30.85,30.6,0.25,0.817,56036.99,171797.803
300859.SZ,20230210,29.68,31.0,29.6,30.6,29.69,0.91,3.065,79113.0,240320.689
300859.SZ,20230209,29.03,29.69,28.73,29.69,29.1,0.59,2.0275,44292.0,130211.184
300859.SZ,20230208,28.44,29.63,28.41,29.1,28.72,0.38,1.3231,42750.98,124645.004
300859.SZ,20230207,29.25,29.39,28.45,28.72,29.26,-0.54,-1.8455,40064.01,115328.998
300859.SZ,20230206,29.03,29.93,28.79,29.26,28.78,0.48,1.6678,51382.0,151257.082
300859.SZ,20230203,28.98,29.07,28.51,28.78,29.2,-0.42,-1.4384,33654.0,96780.522
300859.SZ,20230202,28.3,29.21,28.2,29.2,28.6,0.6,2.0979,47449.0,136620.868
300859.SZ,20230201,27.87,28.61,27.82,28.6,28.04,0.56,1.9971,38784.0,109541.717
300859.SZ,20230131,29.0,29.0,27.7,28.04,29.91,-1.87,-6.2521,64639.0,182122.505
300859.SZ,20230130,30.53,30.8,29.61,29.91,29.91,0.0,0.0,54155.88,162450.979
300859.SZ,20230120,29.14,29.98,29.1,29.91,29.07,0.84,2.8896,36263.0,107756.68
300859.SZ,20230119,29.0,29.59,28.8,29.07,29.02,0.05,0.1723,31832.0,92918.739
300859.SZ,20230118,30.03,30.03,28.81,29.02,30.03,-1.01,-3.3633,48131.99,140380.531
300859.SZ,20230117,29.52,30.09,29.35,30.03,29.57,0.46,1.5556,40512.0,120846.275
300859.SZ,20230116,30.45,30.45,29.4,29.57,30.32,-0.75,-2.4736,59291.47,177564.935
300859.SZ,20230113,30.08,30.59,29.82,30.32,30.09,0.23,0.7644,27140.03,82241.572
300859.SZ,20230112,30.4,30.68,30.02,30.09,30.46,-0.37,-1.2147,30957.03,93782.93
300859.SZ,20230111,31.38,31.47,30.4,30.46,31.2,-0.74,-2.3718,31809.03,98056.137
300859.SZ,20230110,31.5,31.98,30.95,31.2,31.74,-0.54,-1.7013,35968.0,112640.185
300859.SZ,20230109,30.85,32.19,30.85,31.74,30.95,0.79,2.5525,51205.5,161709.999
300859.SZ,20230106,32.1,32.1,30.87,30.95,32.24,-1.29,-4.0012,63860.73,199543.435
300859.SZ,20230105,31.95,32.54,31.28,32.24,32.35,-0.11,-0.34,50797.72,162406.782
300859.SZ,20230104,32.06,33.09,31.93,32.35,32.25,0.1,0.3101,48106.98,156506.304
300859.SZ,20230103,33.4,34.0,32.12,32.25,33.47,-1.22,-3.6451,68103.84,221605.768
300859.SZ,20221230,32.6,34.16,32.6,33.47,33.21,0.26,0.7829,73827.0,246627.497
300859.SZ,20221229,33.98,35.8,33.12,33.21,34.99,-1.78,-5.0872,109090.0,373959.857
300859.SZ,20221228,33.0,35.39,32.11,34.99,33.4,1.59,4.7605,131305.18,451663.347
300859.SZ,20221227,34.11,34.5,31.85,33.4,34.05,-0.65,-1.909,99004.67,325721.619
300859.SZ,20221226,31.94,34.93,31.84,34.05,31.88,2.17,6.8068,102260.87,344976.192
300859.SZ,20221223,33.65,34.86,31.75,31.88,33.89,-2.01,-5.931,96532.65,322545.605
300859.SZ,20221222,35.0,35.71,33.44,33.89,35.0,-1.11,-3.1714,86209.88,298201.638
300859.SZ,20221221,33.31,35.5,33.31,35.0,33.72,1.28,3.796,85687.99,298418.479
300859.SZ,20221220,33.5,34.45,33.06,33.72,33.72,0.0,0.0,54961.16,185949.552
300859.SZ,20221219,34.3,35.41,33.47,33.72,35.08,-1.36,-3.8769,66530.99,227674.862
300859.SZ,20221216,34.18,35.99,33.9,35.08,34.88,0.2,0.5734,78970.85,277348.888
300859.SZ,20221215,37.14,37.45,34.87,34.88,37.38,-2.5,-6.6881,120550.16,433862.039
300859.SZ,20221214,35.08,38.72,34.53,37.38,35.39,1.99,5.6231,153346.5,564465.473
300859.SZ,20221213,33.45,36.58,33.45,35.39,34.49,0.9,2.6095,141213.98,501155.498
300859.SZ,20221212,33.67,35.95,33.51,34.49,34.45,0.04,0.1161,98226.76,342280.691
300859.SZ,20221209,35.01,36.05,34.02,34.45,36.01,-1.56,-4.3321,119550.38,414895.192
300859.SZ,20221208,33.87,36.86,33.0,36.01,34.41,1.6,4.6498,159255.27,549369.722
300859.SZ,20221207,32.0,36.2,31.9,34.41,32.77,1.64,5.0046,165945.75,559820.977
300859.SZ,20221206,31.93,34.2,31.93,32.77,32.0,0.77,2.4063,118804.52,393262.717
300859.SZ,20221205,33.43,33.8,31.8,32.0,32.77,-0.77,-2.3497,106198.7,346626.041
300859.SZ,20221202,32.0,34.23,32.0,32.77,32.65,0.12,0.3675,104031.76,344210.069
300859.SZ,20221201,35.96,36.26,32.31,32.65,33.79,-1.14,-3.3738,135164.75,457565.22
300859.SZ,20221130,32.2,34.33,31.41,33.79,33.28,0.51,1.5325,140248.86,458938.57
300859.SZ,20221129,29.78,34.77,29.77,33.28,30.47,2.81,9.2222,164564.79,533086.252
300859.SZ,20221128,28.08,30.99,28.04,30.47,28.8,1.67,5.7986,108645.83,325575.519
300859.SZ,20221125,28.19,28.92,27.9,28.8,28.19,0.61,2.1639,53010.8,150784.325
300859.SZ,20221124,28.0,28.82,27.96,28.19,28.02,0.17,0.6067,36500.4,103361.169
300859.SZ,20221123,28.38,28.44,27.4,28.02,28.52,-0.5,-1.7532,42333.99,117820.525
300859.SZ,20221122,29.43,29.7,28.32,28.52,29.39,-0.87,-2.9602,49014.75,141055.931
300859.SZ,20221121,29.12,29.86,28.8,29.39,30.07,-0.68,-2.2614,64733.38,189071.762
300859.SZ,20221118,31.3,31.44,29.74,30.07,32.26,-2.19,-6.7886,100599.1,306388.605
300859.SZ,20221117,30.89,32.95,30.5,32.26,31.45,0.81,2.5755,96173.58,304674.257
300859.SZ,20221116,33.51,34.0,31.31,31.45,31.53,-0.08,-0.2537,120203.23,391132.042
300859.SZ,20221115,30.45,32.66,30.03,31.53,30.8,0.73,2.3701,116181.11,368793.447
300859.SZ,20221114,31.17,32.38,30.18,30.8,32.79,-1.99,-6.0689,123789.21,384790.248
300859.SZ,20221111,31.68,36.3,28.99,32.79,30.73,2.06,6.7035,188145.35,601761.215
300859.SZ,20221110,29.86,32.66,29.7,30.73,30.49,0.24,0.7871,105379.1,325843.955
300859.SZ,20221109,28.93,30.93,28.9,30.49,29.08,1.41,4.8487,92078.0,277931.554
300859.SZ,20221108,29.58,29.88,28.53,29.08,29.66,-0.58,-1.9555,75098.01,219389.562
300859.SZ,20221107,28.4,29.77,28.22,29.66,30.08,-0.42,-1.3963,103709.8,301780.939
300859.SZ,20221104,26.76,31.48,26.43,30.08,26.72,3.36,12.5749,154802.01,449621.161
300859.SZ,20221103,25.6,27.4,25.4,26.72,25.85,0.87,3.3656,103196.0,274854.052
300859.SZ,20221102,25.55,27.39,25.55,25.85,26.24,-0.39,-1.4863,123130.01,322643.824
300859.SZ,20221101,23.68,26.26,23.52,26.24,23.9,2.34,9.7908,110303.85,277228.502
300859.SZ,20221031,23.03,23.94,23.02,23.9,24.09,-0.19,-0.7887,60474.01,142179.519
300859.SZ,20221028,24.4,25.15,23.77,24.09,24.49,-0.4,-1.6333,72137.99,177340.945
300859.SZ,20221027,24.0,24.98,23.81,24.49,23.98,0.51,2.1268,73243.01,179495.863
300859.SZ,20221026,23.5,24.82,23.5,23.98,23.23,0.75,3.2286,74945.0,180632.264
300859.SZ,20221025,22.7,23.96,22.7,23.23,22.95,0.28,1.22,59846.0,140515.78
300859.SZ,20221024,23.52,24.0,22.94,22.95,23.9,-0.95,-3.9749,50693.5,119037.294
300859.SZ,20221021,24.18,24.5,23.7,23.9,24.9,-1.0,-4.0161,70862.32,170894.463
300859.SZ,20221020,22.67,26.0,22.6,24.9,23.06,1.84,7.9792,116602.02,282987.395
300859.SZ,20221019,23.4,24.27,23.06,23.06,24.1,-1.04,-4.3154,71581.42,168682.596
300859.SZ,20221018,24.26,25.73,23.92,24.1,23.61,0.49,2.0754,113776.92,280940.733
300859.SZ,20221017,23.35,23.9,22.9,23.61,23.47,0.14,0.5965,55527.0,129947.509
300859.SZ,20221014,23.15,23.59,22.99,23.47,22.79,0.68,2.9838,62665.99,145924.188
300859.SZ,20221013,22.5,23.48,22.0,22.79,22.62,0.17,0.7515,61792.0,141318.028
300859.SZ,20221012,22.7,22.77,21.45,22.62,22.6,0.02,0.0885,53888.0,119035.048
300859.SZ,20221011,23.7,23.72,22.41,22.6,23.5,-0.9,-3.8298,50394.0,114752.593
300859.SZ,20221010,25.31,25.65,23.5,23.5,25.72,-2.22,-8.6314,66769.0,162961.227
300859.SZ,20220930,27.67,28.14,25.68,25.72,27.52,-1.8,-6.5407,70740.0,187634.579
300859.SZ,20220929,29.49,29.78,27.5,27.52,29.15,-1.63,-5.5918,80813.06,227211.81
300859.SZ,20220928,30.74,31.2,29.05,29.15,31.7,-2.55,-8.0442,93374.96,281848.517
300859.SZ,20220927,30.49,32.62,28.23,31.7,30.22,1.48,4.8974,136233.53,411458.141
300859.SZ,20220926,29.59,31.35,29.59,30.22,29.51,0.71,2.406,94467.0,288246.195
300859.SZ,20220923,31.95,31.95,29.51,29.51,32.1,-2.59,-8.0685,100018.0,307600.028
300859.SZ,20220922,32.54,32.98,31.55,32.1,32.6,-0.5,-1.5337,85155.0,273429.06
300859.SZ,20220921,33.5,34.22,32.5,32.6,34.4,-1.8,-5.2326,101157.0,334911.938
300859.SZ,20220920,33.0,34.75,32.2,34.4,33.7,0.7,2.0772,137002.92,456949.697
300859.SZ,20220919,30.1,34.27,30.1,33.7,31.0,2.7,8.7097,149457.0,487761.402
300859.SZ,20220916,30.21,32.77,30.18,31.0,30.69,0.31,1.0101,131933.01,417616.462
300859.SZ,20220915,30.26,30.87,29.6,30.69,29.95,0.74,2.4708,91633.0,277660.027
300859.SZ,20220914,29.56,30.66,29.42,29.95,30.18,-0.23,-0.7621,64900.0,195083.385
300859.SZ,20220913,29.44,30.18,28.9,30.18,29.29,0.89,3.0386,77690.25,231177.51
300859.SZ,20220909,29.13,29.33,28.36,29.29,30.22,-0.93,-3.0774,83146.25,240000.935
300859.SZ,20220908,29.8,31.28,29.8,30.22,29.61,0.61,2.0601,108091.25,329878.771
300859.SZ,20220907,29.0,30.24,28.9,29.61,29.4,0.21,0.7143,74137.43,219665.8
300859.SZ,20220906,27.85,29.83,27.61,29.4,27.77,1.63,5.8696,89003.0,257677.207
300859.SZ,20220905,28.06,28.4,27.44,27.77,28.56,-0.79,-2.7661,52104.0,145055.745
300859.SZ,20220902,27.74,28.56,27.12,28.56,28.45,0.11,0.3866,71171.0,197938.842
300859.SZ,20220901,30.12,30.78,28.37,28.45,30.36,-1.91,-6.2912,91358.0,268464.031
300859.SZ,20220831,29.69,30.98,29.65,30.36,29.99,0.37,1.2337,99332.0,301580.326
300859.SZ,20220830,29.5,30.84,29.24,29.99,30.04,-0.05,-0.1664,86194.49,258905.4
300859.SZ,20220829,27.78,30.48,27.46,30.04,28.24,1.8,6.3739,109558.43,318126.903
300859.SZ,20220826,27.46,29.2,27.0,28.24,26.7,1.54,5.7678,96991.0,273859.552
300859.SZ,20220825,28.1,28.95,26.49,26.7,28.4,-1.7,-5.9859,87527.0,244321.718
300859.SZ,20220824,27.6,29.46,27.55,28.4,27.94,0.46,1.6464,92254.0,262030.558
300859.SZ,20220823,26.9,28.26,26.68,27.94,26.88,1.06,3.9435,84408.32,233093.431
300859.SZ,20220822,25.84,27.33,25.55,26.88,25.83,1.05,4.065,68888.0,183846.699
300859.SZ,20220819,26.49,26.55,25.78,25.83,26.41,-0.58,-2.1961,43391.0,113571.136
300859.SZ,20220818,27.47,27.64,26.15,26.41,27.65,-1.24,-4.4846,74588.06,199595.89
300859.SZ,20220817,27.13,27.88,26.78,27.65,27.12,0.53,1.9543,72975.0,200554.26
300859.SZ,20220816,27.14,27.61,27.0,27.12,27.13,-0.01,-0.0369,35621.0,96875.27
300859.SZ,20220815,27.3,27.5,26.33,27.13,27.75,-0.62,-2.2342,46834.0,126926.553
300859.SZ,20220812,27.32,28.08,27.27,27.75,27.59,0.16,0.5799,56990.0,157900.093
300859.SZ,20220811,27.2,27.88,27.03,27.59,27.16,0.43,1.5832,48750.0,134108.995
300859.SZ,20220810,27.45,27.74,27.02,27.16,27.66,-0.5,-1.8077,44849.86,122462.047
300859.SZ,20220809,27.51,28.29,27.31,27.66,27.8,-0.14,-0.5036,40946.86,113439.568
300859.SZ,20220808,27.2,27.99,27.1,27.8,28.38,-0.58,-2.0437,47620.0,131779.771
300859.SZ,20220805,28.15,28.4,27.6,28.38,28.61,-0.23,-0.8039,45252.0,126976.004
300859.SZ,20220804,27.88,28.61,27.5,28.61,27.6,1.01,3.6594,59905.0,168529.016
300859.SZ,20220803,28.68,29.25,27.5,27.6,28.67,-1.07,-3.7321,59151.0,167520.785
300859.SZ,20220802,30.05,30.3,28.41,28.67,30.62,-1.95,-6.3684,66077.0,192256.682
300859.SZ,20220801,30.96,31.45,30.2,30.62,31.08,-0.46,-1.4801,58119.2,177763.624
300859.SZ,20220729,32.5,32.76,30.7,31.08,33.46,-2.38,-7.113,101053.86,318999.248
300859.SZ,20220728,33.1,34.0,32.9,33.46,33.26,0.2,0.6013,67904.26,227124.09
300859.SZ,20220727,33.14,34.19,32.8,33.26,34.16,-0.9,-2.6347,87386.69,292109.017
300859.SZ,20220726,34.02,35.47,33.88,34.16,32.99,1.17,3.5465,108112.12,374956.646
300859.SZ,20220725,34.81,35.07,32.66,32.99,35.53,-2.54,-7.1489,92774.12,312659.155
300859.SZ,20220722,37.0,37.85,35.53,35.53,37.49,-1.96,-5.2281,87773.06,319541.744
300859.SZ,20220721,37.28,38.98,37.1,37.49,38.0,-0.51,-1.3421,100208.8,381662.222
300859.SZ,20220720,36.1,39.57,35.5,38.0,36.62,1.38,3.7684,122838.8,463783.481
300859.SZ,20220719,38.96,39.19,36.61,36.62,36.5,0.12,0.3288,124546.26,472775.891
300859.SZ,20220718,36.33,37.59,35.78,36.5,37.7,-1.2,-3.183,100501.8,368470.035
300859.SZ,20220715,36.46,40.96,35.61,37.7,36.83,0.87,2.3622,144106.2,546022.584
300859.SZ,20220714,34.0,36.85,33.86,36.83,34.94,1.89,5.4093,108083.84,381494.579
300859.SZ,20220713,34.02,36.63,33.9,34.94,33.9,1.04,3.0678,109703.1,388982.489
300859.SZ,20220712,33.9,35.28,33.06,33.9,34.43,-0.53,-1.5394,89919.0,307117.207
300859.SZ,20220711,31.67,35.0,31.67,34.43,33.39,1.04,3.1147,112309.64,377411.94
300859.SZ,20220708,34.9,35.66,33.36,33.39,32.57,0.82,2.5177,120680.78,417130.83
300859.SZ,20220707,33.3,35.25,32.57,32.57,33.94,-1.37,-4.0365,115830.47,391947.66
300859.SZ,20220706,33.94,35.3,33.0,33.94,35.81,-1.87,-5.222,109819.43,373083.719
300859.SZ,20220705,33.89,36.39,32.5,35.81,33.7,2.11,6.2611,158445.0,550794.106
300859.SZ,20220704,33.06,35.84,33.06,33.7,34.52,-0.82,-2.3754,140446.12,482540.373
300859.SZ,20220701,37.99,38.1,34.02,34.52,40.5,-5.98,-14.7654,162254.85,579303.501
300859.SZ,20220630,38.11,41.91,36.29,40.5,36.15,4.35,12.0332,204428.59,802623.848
300859.SZ,20220629,34.47,39.88,32.53,36.15,33.52,2.63,7.8461,191176.53,682493.251
300859.SZ,20220628,28.11,33.62,28.11,33.62,28.02,5.6,19.9857,148824.53,451179.259
300859.SZ,20220627,27.5,30.0,27.22,28.02,27.45,0.57,2.0765,137594.91,395131.346
300859.SZ,20220624,24.11,27.97,23.79,27.45,23.84,3.61,15.1426,108714.0,279670.369
300859.SZ,20220623,23.81,24.1,23.31,23.84,23.69,0.15,0.6332,28843.0,68299.305
300859.SZ,20220622,24.82,24.98,23.63,23.69,25.05,-1.36,-5.4291,46792.0,112933.114
300859.SZ,20220621,24.58,25.43,24.2,25.05,24.34,0.71,2.917,54974.0,137291.015
300859.SZ,20220620,24.0,24.66,23.91,24.34,23.9,0.44,1.841,32809.0,79919.916
300859.SZ,20220617,24.37,24.75,23.7,23.9,24.5,-0.6,-2.449,37149.43,89569.214
300859.SZ,20220616,24.4,25.19,24.24,24.5,24.4,0.1,0.4098,38506.0,95008.546
300859.SZ,20220615,24.55,25.25,24.26,24.4,24.6,-0.2,-0.813,45634.0,112958.655
300859.SZ,20220614,24.45,24.98,24.03,24.6,24.8,-0.2,-0.8065,31235.0,76363.032
300859.SZ,20220613,24.1,25.49,23.71,24.8,24.3,0.5,2.0576,50052.0,122802.368
300859.SZ,20220610,24.3,25.4,24.15,24.3,24.22,0.08,0.3303,42039.0,103496.511
300859.SZ,20220609,25.28,25.4,24.1,24.22,25.4,-1.18,-4.6457,41706.0,102790.312
300859.SZ,20220608,25.6,26.88,25.23,25.4,25.52,-0.12,-0.4702,57163.0,147708.468
300859.SZ,20220607,25.91,26.19,24.8,25.52,25.83,-0.31,-1.2002,64730.08,164360.985
300859.SZ,20220606,23.71,26.58,23.36,25.83,24.04,1.79,7.4459,108299.54,274417.825
300859.SZ,20220602,24.35,24.67,23.78,24.04,24.71,-0.67,-2.7115,50029.0,120432.379
300859.SZ,20220601,24.12,25.38,23.58,24.71,23.8,0.91,3.8235,69255.2,170060.859
300859.SZ,20220531,23.6,24.8,23.1,23.8,24.0,-0.2,-0.8333,64842.42,154262.127
300859.SZ,20220530,22.6,26.2,22.2,24.0,22.5,1.5,6.6667,87106.32,211773.817
300859.SZ,20220527,23.46,23.46,21.65,22.5,23.65,-1.15,-4.8626,72533.12,163190.31
300859.SZ,20220525,23.35,24.2,23.06,23.65,23.32,0.33,1.4151,29111.0,69033.291
300859.SZ,20220524,23.7,24.22,23.13,23.32,23.83,-0.51,-2.1402,31065.0,73464.3
300859.SZ,20220523,23.8,24.43,23.3,23.83,24.02,-0.19,-0.791,35190.0,83791.924
300859.SZ,20220520,21.81,24.08,21.81,24.02,21.77,2.25,10.3353,53600.06,122929.165
300859.SZ,20220519,21.25,23.19,21.1,21.77,21.34,0.43,2.015,44460.98,97878.475
300859.SZ,20220518,20.5,21.4,20.39,21.34,20.66,0.68,3.2914,25015.0,52743.167
300859.SZ,20220517,20.34,20.86,20.22,20.66,20.51,0.15,0.7314,23863.06,48871.344
300859.SZ,20220516,19.5,20.77,19.28,20.51,19.35,1.16,5.9948,35948.1,72220.956
300859.SZ,20220513,18.8,19.35,18.3,19.35,18.63,0.72,3.8647,19431.98,36498.327
300859.SZ,20220512,18.59,18.96,18.2,18.63,19.0,-0.37,-1.9474,21031.98,39111.241
300859.SZ,20220511,18.74,19.47,18.68,19.0,18.76,0.24,1.2793,22090.0,42366.237
300859.SZ,20220510,18.21,18.98,18.03,18.76,18.37,0.39,2.123,19994.0,37035.828
300859.SZ,20220509,18.02,18.59,18.02,18.37,18.24,0.13,0.7127,13560.0,24929.128
300859.SZ,20220506,18.2,18.75,18.1,18.24,18.97,-0.73,-3.8482,18255.0,33568.893
300859.SZ,20220505,18.8,19.27,18.5,18.97,19.21,-0.24,-1.2493,20535.06,39007.296
300859.SZ,20220429,17.92,19.59,17.76,19.21,18.13,1.08,5.957,35108.0,65614.111
300859.SZ,20220428,19.37,19.77,17.8,18.13,19.37,-1.24,-6.4017,32386.06,60092.88
300859.SZ,20220427,18.4,19.5,18.4,19.37,18.44,0.93,5.0434,32042.0,61007.656
300859.SZ,20220426,22.6,22.75,17.75,18.44,22.17,-3.73,-16.8245,56355.06,112237.331
300859.SZ,20220425,22.7,23.48,22.04,22.17,23.39,-1.22,-5.2159,21262.0,48346.208
300859.SZ,20220422,22.77,23.64,22.38,23.39,22.83,0.56,2.4529,19519.78,45112.204
300859.SZ,20220421,23.99,24.18,22.68,22.83,24.26,-1.43,-5.8945,28078.0,65589.053
300859.SZ,20220420,24.0,24.69,23.93,24.26,24.12,0.14,0.5804,21165.98,51490.171
300859.SZ,20220419,24.0,25.01,23.7,24.12,23.79,0.33,1.3871,17459.0,42414.026
300859.SZ,20220418,23.11,24.11,23.1,23.79,23.6,0.19,0.8051,19067.0,45312.415
300859.SZ,20220415,24.98,25.67,23.4,23.6,25.08,-1.48,-5.9011,42423.06,104029.149
300859.SZ,20220414,25.05,25.66,24.58,25.08,25.49,-0.41,-1.6085,33238.0,83264.617
300859.SZ,20220413,26.11,26.67,25.46,25.49,26.64,-1.15,-4.3168,41648.04,108341.134
300859.SZ,20220412,24.6,26.89,24.6,26.64,24.76,1.88,7.5929,53838.04,140310.287
300859.SZ,20220411,24.86,25.42,24.55,24.76,25.0,-0.24,-0.96,37837.04,94819.605
300859.SZ,20220408,24.22,25.15,23.69,25.0,24.25,0.75,3.0928,32231.0,78612.09
300859.SZ,20220407,24.72,25.3,24.15,24.25,24.86,-0.61,-2.4537,33453.32,82372.924
300859.SZ,20220406,24.72,25.88,24.64,24.86,25.17,-0.31,-1.2316,33755.06,84685.703
300859.SZ,20220401,23.5,25.41,23.4,25.17,23.65,1.52,6.4271,56362.5,139103.839
300859.SZ,20220331,24.35,24.66,23.35,23.65,24.36,-0.71,-2.9146,40981.4,97894.992
300859.SZ,20220330,24.45,24.95,24.28,24.36,24.6,-0.24,-0.9756,37405.4,92133.049
300859.SZ,20220329,24.1,24.99,23.85,24.6,24.05,0.55,2.2869,46355.0,113561.872
300859.SZ,20220328,23.32,24.79,23.32,24.05,23.86,0.19,0.7963,45327.43,109772.652
300859.SZ,20220325,23.45,24.08,23.05,23.86,23.41,0.45,1.9223,30106.0,71176.375
300859.SZ,20220324,23.38,23.86,23.25,23.41,23.57,-0.16,-0.6788,20361.0,47850.997
300859.SZ,20220323,23.38,23.97,23.36,23.57,23.39,0.18,0.7696,24473.0,57802.665
300859.SZ,20220322,23.18,23.9,23.16,23.39,23.88,-0.49,-2.0519,30245.0,71021.884
300859.SZ,20220321,23.05,24.27,23.01,23.88,23.3,0.58,2.4893,43927.0,103466.566
300859.SZ,20220318,22.2,24.23,22.2,23.3,22.64,0.66,2.9152,53290.64,124737.779
300859.SZ,20220317,23.0,23.45,22.54,22.64,22.99,-0.35,-1.5224,56929.0,130484.408
300859.SZ,20220316,21.45,22.99,21.44,22.99,20.71,2.28,11.0092,59358.77,131621.807
300859.SZ,20220315,21.13,21.95,20.55,20.71,21.31,-0.6,-2.8156,26198.64,55882.392
300859.SZ,20220314,21.88,22.3,21.31,21.31,22.66,-1.35,-5.9576,22219.15,48570.734
300859.SZ,20220311,22.0,22.8,21.03,22.66,22.55,0.11,0.4878,37788.0,82598.239
300859.SZ,20220310,23.33,23.55,22.55,22.55,22.84,-0.29,-1.2697,33650.0,77489.794
300859.SZ,20220309,22.58,23.28,22.0,22.84,22.39,0.45,2.0098,37070.15,84263.705
300859.SZ,20220308,22.54,23.75,22.38,22.39,22.67,-0.28,-1.2351,33919.0,78450.838
300859.SZ,20220307,23.56,23.73,22.65,22.67,23.96,-1.29,-5.384,33254.0,76751.429
300859.SZ,20220304,23.51,24.19,23.4,23.96,23.86,0.1,0.4191,26055.0,62021.027
300859.SZ,20220303,23.7,24.45,23.42,23.86,23.28,0.58,2.4914,40178.0,96387.739
300859.SZ,20220302,23.0,23.53,23.0,23.28,23.27,0.01,0.043,18321.0,42612.948
300859.SZ,20220301,22.4,23.66,22.3,23.27,22.32,0.95,4.2563,33889.0,78358.269
300859.SZ,20220228,22.47,22.8,22.14,22.32,22.63,-0.31,-1.3699,18818.0,42043.583
300859.SZ,20220225,21.88,22.66,21.86,22.63,21.87,0.76,3.4751,24049.0,53614.051
300859.SZ,20220224,22.23,23.04,21.49,21.87,22.42,-0.55,-2.4532,43533.0,96583.471
300859.SZ,20220223,22.38,22.66,22.13,22.42,22.22,0.2,0.9001,20760.0,46573.844
300859.SZ,20220222,22.63,22.69,21.52,22.22,22.89,-0.67,-2.927,39076.0,86576.419
300859.SZ,20220221,22.9,23.37,22.65,22.89,23.19,-0.3,-1.2937,28161.0,64669.521
300859.SZ,20220218,23.0,23.8,22.84,23.19,23.26,-0.07,-0.3009,26339.66,61411.708
300859.SZ,20220217,23.85,24.0,23.0,23.26,24.01,-0.75,-3.1237,34673.0,81404.032
300859.SZ,20220216,23.34,24.43,23.34,24.01,23.34,0.67,2.8706,41852.3,100092.911
300859.SZ,20220215,24.05,24.2,22.65,23.34,24.8,-1.46,-5.8871,65961.64,154709.678
300859.SZ,20220214,23.33,27.27,23.11,24.8,23.2,1.6,6.8966,93800.3,233777.385
300859.SZ,20220211,23.6,25.15,23.0,23.2,23.96,-0.76,-3.172,60242.0,144275.976
300859.SZ,20220210,22.9,24.2,22.72,23.96,22.87,1.09,4.7661,45901.0,107926.942
300859.SZ,20220209,22.7,23.27,22.58,22.87,22.88,-0.01,-0.0437,29384.0,67112.719
300859.SZ,20220208,21.95,23.75,21.83,22.88,22.02,0.86,3.9055,39957.0,91875.177
300859.SZ,20220207,21.01,22.36,20.75,22.02,21.14,0.88,4.1627,33581.0,72476.866
300859.SZ,20220128,20.46,21.77,20.15,21.14,20.38,0.76,3.7291,37949.35,79817.078
300859.SZ,20220127,21.2,21.49,20.0,20.38,21.64,-1.26,-5.8226,38733.63,80011.747
300859.SZ,20220126,23.65,23.99,21.31,21.64,23.42,-1.78,-7.6003,53596.0,119605.699
300859.SZ,20220125,23.13,24.68,23.13,23.42,23.73,-0.31,-1.3064,47080.35,112592.866
300859.SZ,20220124,22.53,24.3,21.97,23.73,23.0,0.73,3.1739,48128.46,111316.528
300859.SZ,20220121,24.5,25.41,22.98,23.0,23.7,-0.7,-2.9536,57973.4,140911.205
300859.SZ,20220120,23.33,26.0,23.16,23.7,23.53,0.17,0.7225,57812.26,141414.108
300859.SZ,20220119,22.2,23.6,22.16,23.53,22.3,1.23,5.5157,36105.35,83443.095
300859.SZ,20220118,21.53,22.4,21.53,22.3,21.6,0.7,3.2407,21618.0,47794.594
300859.SZ,20220117,21.3,21.69,21.26,21.6,21.5,0.1,0.4651,9321.0,20045.329
300859.SZ,20220114,21.9,22.18,21.33,21.5,21.9,-0.4,-1.8265,15027.35,32621.918
300859.SZ,20220113,22.09,22.32,21.9,21.9,22.25,-0.35,-1.573,14374.0,31771.105
300859.SZ,20220112,21.32,22.66,21.32,22.25,21.32,0.93,4.3621,26113.0,57757.975
300859.SZ,20220111,21.46,21.79,21.07,21.32,21.47,-0.15,-0.6986,15979.0,34138.114
300859.SZ,20220110,21.43,21.96,20.79,21.47,21.85,-0.38,-1.7391,18809.0,40414.309
300859.SZ,20220107,21.69,22.23,21.6,21.85,21.9,-0.05,-0.2283,18213.0,39918.566
300859.SZ,20220106,22.0,22.18,21.68,21.9,22.1,-0.2,-0.905,17635.06,38591.733
300859.SZ,20220105,21.98,22.29,21.4,22.1,21.97,0.13,0.5917,23821.0,51897.435
300859.SZ,20220104,22.4,22.42,21.79,21.97,22.6,-0.63,-2.7876,32689.0,72025.565
300859.SZ,20211231,21.9,22.77,21.77,22.6,21.76,0.84,3.8603,18588.2,41652.366
300859.SZ,20211230,21.57,22.1,21.28,21.76,21.49,0.27,1.2564,20409.0,44299.948
300859.SZ,20211229,20.8,21.58,20.51,21.49,20.8,0.69,3.3173,24205.0,51389.203
300859.SZ,20211228,20.68,21.37,20.68,20.8,20.81,-0.01,-0.0481,20840.0,43820.691
300859.SZ,20211227,19.84,21.25,19.76,20.81,19.84,0.97,4.8891,26180.0,54116.087
300859.SZ,20211224,19.72,20.1,19.63,19.84,19.68,0.16,0.813,11427.0,22733.236
300859.SZ,20211223,19.92,20.11,19.57,19.68,20.07,-0.39,-1.9432,12300.0,24308.218
300859.SZ,20211222,20.11,20.48,19.95,20.07,20.01,0.06,0.2999,13537.0,27376.614
300859.SZ,20211221,19.39,20.05,19.39,20.01,19.38,0.63,3.2508,15307.43,30409.68
300859.SZ,20211220,19.64,20.14,19.32,19.38,19.9,-0.52,-2.6131,13363.0,26369.328
300859.SZ,20211217,19.92,20.19,19.81,19.9,20.05,-0.15,-0.7481,8535.2,17009.731
300859.SZ,20211216,19.74,20.15,19.66,20.05,19.76,0.29,1.4676,12083.64,24097.455
300859.SZ,20211215,19.34,19.95,19.34,19.76,19.42,0.34,1.7508,12298.0,24265.815
300859.SZ,20211214,19.38,19.54,19.22,19.42,19.42,0.0,0.0,9352.0,18125.338
300859.SZ,20211213,19.99,20.05,19.4,19.42,20.18,-0.76,-3.7661,22122.0,43476.984
300859.SZ,20211210,19.91,20.49,19.91,20.18,20.03,0.15,0.7489,19364.0,39156.814
300859.SZ,20211209,20.3,20.37,19.81,20.03,19.97,0.06,0.3005,16498.0,33046.104
300859.SZ,20211208,19.98,20.29,19.85,19.97,20.14,-0.17,-0.8441,20330.43,40675.744
300859.SZ,20211207,19.4,20.23,19.15,20.14,19.21,0.93,4.8412,32069.43,63502.674
300859.SZ,20211206,19.0,19.43,18.92,19.21,19.08,0.13,0.6813,14899.0,28639.726
300859.SZ,20211203,18.8,19.37,18.8,19.08,18.93,0.15,0.7924,9857.0,18819.994
300859.SZ,20211202,19.02,19.3,18.91,18.93,19.17,-0.24,-1.252,12716.0,24250.009
300859.SZ,20211201,18.58,19.25,18.58,19.17,18.59,0.58,3.12,17584.28,33512.911
300859.SZ,20211130,18.49,18.88,18.49,18.59,18.55,0.04,0.2156,12592.0,23518.044
300859.SZ,20211129,18.37,18.71,18.19,18.55,19.11,-0.56,-2.9304,24309.0,44915.928
300859.SZ,20211126,19.79,19.79,19.0,19.11,19.91,-0.8,-4.0181,28427.49,54942.028
300859.SZ,20211125,20.4,20.4,19.88,19.91,20.26,-0.35,-1.7275,14059.0,28284.131
300859.SZ,20211124,19.68,20.49,19.46,20.26,19.85,0.41,2.0655,20703.32,41227.139
300859.SZ,20211123,20.15,20.85,19.81,19.85,19.95,-0.1,-0.5013,18524.0,37346.055
300859.SZ,20211122,19.97,20.15,19.65,19.95,20.11,-0.16,-0.7956,13773.0,27418.644
300859.SZ,20211119,20.09,20.38,19.64,20.11,20.09,0.02,0.0996,19255.0,38411.696
300859.SZ,20211118,20.57,20.98,20.01,20.09,20.62,-0.53,-2.5703,20390.0,41684.163
300859.SZ,20211117,19.95,21.28,19.85,20.62,19.82,0.8,4.0363,24910.0,51379.304
300859.SZ,20211116,20.12,20.42,19.82,19.82,20.29,-0.47,-2.3164,20428.81,40971.813
300859.SZ,20211115,19.25,20.44,19.18,20.29,19.35,0.94,4.8579,27404.0,54551.923
300859.SZ,20211112,18.86,19.48,18.67,19.35,18.87,0.48,2.5437,21312.0,40767.979
300859.SZ,20211111,18.8,19.22,18.71,18.87,18.88,-0.01,-0.053,15657.0,29593.487
300859.SZ,20211110,18.35,18.97,18.11,18.88,18.4,0.48,2.6087,22121.0,41025.881
300859.SZ,20211109,17.82,18.63,17.82,18.4,17.88,0.52,2.9083,19385.0,35474.043
300859.SZ,20211108,18.0,18.99,17.83,17.88,17.66,0.22,1.2458,31257.0,57568.677
300859.SZ,20211105,17.78,18.14,17.61,17.66,17.9,-0.24,-1.3408,14317.0,25455.465
300859.SZ,20211104,17.51,18.04,17.45,17.9,17.51,0.39,2.2273,16538.28,29514.291
300859.SZ,20211103,17.05,17.65,16.96,17.51,17.15,0.36,2.0991,17666.28,30580.307
300859.SZ,20211102,17.15,17.41,17.01,17.15,17.04,0.11,0.6455,18834.28,32423.973
300859.SZ,20211101,16.97,17.28,16.88,17.04,17.19,-0.15,-0.8726,12406.0,21153.23
300859.SZ,20211029,16.77,17.23,16.77,17.19,16.76,0.43,2.5656,13205.49,22543.648
300859.SZ,20211028,16.94,17.06,16.71,16.76,16.91,-0.15,-0.887,12394.75,20888.699
300859.SZ,20211027,17.26,17.31,16.86,16.91,17.28,-0.37,-2.1412,14260.0,24280.461
300859.SZ,20211026,17.65,17.79,17.28,17.28,17.56,-0.28,-1.5945,22089.0,38609.342
300859.SZ,20211025,16.88,17.68,16.63,17.56,17.13,0.43,2.5102,23188.43,39928.802
300859.SZ,20211022,16.9,17.2,16.85,17.13,16.99,0.14,0.824,13674.0,23327.691
300859.SZ,20211021,17.09,17.22,16.98,16.99,17.19,-0.2,-1.1635,16790.0,28713.518
300859.SZ,20211020,17.07,17.19,16.6,17.19,17.09,0.1,0.5851,30402.06,51217.477
300859.SZ,20211019,17.51,17.66,17.0,17.09,17.59,-0.5,-2.8425,30234.0,52045.567
300859.SZ,20211018,18.03,18.15,17.51,17.59,18.3,-0.71,-3.8798,26866.0,47592.097
300859.SZ,20211015,18.26,18.9,18.26,18.3,18.69,-0.39,-2.0867,30123.0,55790.258
300859.SZ,20211014,19.26,19.94,18.67,18.69,18.52,0.17,0.9179,35825.49,68770.42
300859.SZ,20211013,18.41,18.97,18.22,18.52,18.45,0.07,0.3794,18396.0,34220.061
300859.SZ,20211012,17.9,18.75,17.79,18.45,17.93,0.52,2.9002,28594.18,52539.65
300859.SZ,20211011,17.71,18.03,17.3,17.93,17.68,0.25,1.414,17769.06,31352.09
300859.SZ,20211008,17.39,18.1,17.07,17.68,17.62,0.06,0.3405,20177.0,35432.846
300859.SZ,20210930,17.53,17.88,17.11,17.62,17.1,0.52,3.0409,15497.0,27104.938
300859.SZ,20210929,18.6,18.83,17.1,17.1,18.81,-1.71,-9.0909,31549.64,56188.79
300859.SZ,20210928,18.39,18.93,18.39,18.81,18.39,0.42,2.2838,14108.06,26351.131
300859.SZ,20210927,19.16,19.23,18.09,18.39,19.09,-0.7,-3.6668,24549.71,45598.843
300859.SZ,20210924,18.5,19.28,18.5,19.09,18.69,0.4,2.1402,29263.06,55505.97
300859.SZ,20210923,17.89,18.79,17.81,18.69,17.94,0.75,4.1806,22570.12,41429.312
300859.SZ,20210922,17.52,18.1,17.52,17.94,17.75,0.19,1.0704,17250.18,30801.772
300859.SZ,20210917,18.6,18.6,17.5,17.75,18.56,-0.81,-4.3642,31356.12,56189.729
300859.SZ,20210916,18.9,19.3,18.56,18.56,18.79,-0.23,-1.2241,27553.06,51915.24
300859.SZ,20210915,18.75,19.3,18.4,18.79,18.8,-0.01,-0.0532,23643.0,44622.938
300859.SZ,20210914,18.99,19.46,18.59,18.8,19.71,-0.91,-4.6169,39320.65,74538.64
300859.SZ,20210913,21.1,21.44,19.7,19.71,22.28,-2.57,-11.535,63562.0,129053.357
300859.SZ,20210910,22.0,23.66,21.96,22.28,21.75,0.53,2.4368,51117.7,115781.253
300859.SZ,20210909,22.23,22.76,21.72,21.75,22.23,-0.48,-2.1592,24557.0,54546.889
300859.SZ,20210908,22.94,23.2,22.03,22.23,22.92,-0.69,-3.0105,28016.0,62966.515
300859.SZ,20210907,22.62,23.29,22.41,22.92,22.62,0.3,1.3263,28028.65,64112.477
300859.SZ,20210906,23.2,23.82,22.6,22.62,23.05,-0.43,-1.8655,35422.65,82426.265
300859.SZ,20210903,22.0,23.12,21.6,23.05,21.96,1.09,4.9636,40392.0,90611.13
300859.SZ,20210902,22.0,22.48,21.68,21.96,22.13,-0.17,-0.7682,23407.0,51725.688
300859.SZ,20210901,22.08,23.17,21.89,22.13,22.08,0.05,0.2264,34000.0,76535.023
300859.SZ,20210831,22.91,23.5,21.81,22.08,23.16,-1.08,-4.6632,39123.65,88220.643
300859.SZ,20210830,23.29,23.98,22.96,23.16,22.87,0.29,1.268,36845.65,86344.691
300859.SZ,20210827,22.75,22.92,22.0,22.87,22.5,0.37,1.6444,29579.06,66665.981
300859.SZ,20210826,21.81,22.74,21.69,22.5,22.06,0.44,1.9946,37825.0,84332.563
300859.SZ,20210825,20.25,22.08,20.21,22.06,20.13,1.93,9.5877,43170.0,91733.61
300859.SZ,20210824,21.11,21.93,19.98,20.13,21.27,-1.14,-5.3597,34534.0,71942.207
300859.SZ,20210823,20.71,21.65,20.4,21.27,20.67,0.6,2.9028,25947.0,55196.974
300859.SZ,20210820,20.39,20.82,20.1,20.67,20.37,0.3,1.4728,21213.0,43487.225
300859.SZ,20210819,20.56,21.1,20.01,20.37,20.59,-0.22,-1.0685,27860.0,57185.903
300859.SZ,20210818,19.3,20.67,19.2,20.59,19.33,1.26,6.5184,38201.06,77187.053
300859.SZ,20210817,18.8,19.88,18.8,19.33,18.84,0.49,2.6008,30371.0,58975.349
300859.SZ,20210816,17.89,18.99,17.81,18.84,18.15,0.69,3.8017,20777.0,38372.731
300859.SZ,20210813,19.04,19.05,18.08,18.15,18.98,-0.83,-4.373,20409.41,37760.592
300859.SZ,20210812,19.25,19.33,18.91,18.98,19.24,-0.26,-1.3514,12725.0,24266.24
300859.SZ,20210811,18.9,19.35,18.74,19.24,18.88,0.36,1.9068,15492.0,29635.523
300859.SZ,20210810,19.6,19.6,18.82,18.88,19.39,-0.51,-2.6302,21480.0,41139.864
300859.SZ,20210809,18.59,19.86,18.4,19.39,18.56,0.83,4.472,31208.0,60343.599
300859.SZ,20210806,17.8,18.8,17.19,18.56,17.57,0.99,5.6346,31524.0,56454.885
300859.SZ,20210805,16.98,18.03,16.98,17.57,17.1,0.47,2.7485,27894.0,49142.213
300859.SZ,20210804,16.47,17.35,16.47,17.1,16.76,0.34,2.0286,20851.04,35227.034
300859.SZ,20210803,16.64,17.52,16.52,16.76,16.64,0.12,0.7212,25984.0,44208.449
300859.SZ,20210802,16.38,17.19,15.85,16.64,17.1,-0.46,-2.6901,30918.0,51002.501
300859.SZ,20210730,19.25,19.25,17.05,17.1,19.35,-2.25,-11.6279,44741.06,79283.909
300859.SZ,20210729,19.18,19.66,19.12,19.35,19.63,-0.28,-1.4264,24787.0,47856.657
300859.SZ,20210728,19.11,20.8,18.92,19.63,19.11,0.52,2.7211,33293.0,66478.03
300859.SZ,20210727,18.95,19.43,18.69,19.11,18.95,0.16,0.8443,20234.0,38499.647
300859.SZ,20210726,20.08,20.16,18.71,18.95,20.37,-1.42,-6.971,33731.12,65532.289
300859.SZ,20210723,19.65,20.77,19.0,20.37,19.78,0.59,2.9828,41185.06,82353.876
300859.SZ,20210722,20.99,21.02,19.75,19.78,20.82,-1.04,-4.9952,38582.06,77371.049
300859.SZ,20210721,21.2,21.75,20.67,20.82,21.16,-0.34,-1.6068,30845.86,65161.655
300859.SZ,20210720,21.92,22.15,21.05,21.16,22.26,-1.1,-4.9416,34467.73,74061.947
300859.SZ,20210719,23.69,23.69,21.62,22.26,23.89,-1.63,-6.8229,41232.04,92952.352
300859.SZ,20210716,24.93,25.45,23.85,23.89,25.21,-1.32,-5.236,34761.38,84754.891
300859.SZ,20210715,25.1,25.87,24.4,25.21,24.48,0.73,2.982,41554.65,105091.533
300859.SZ,20210714,24.73,24.95,23.78,24.48,24.84,-0.36,-1.4493,35659.96,86120.729
300859.SZ,20210713,24.52,25.2,24.41,24.84,24.5,0.34,1.3878,26301.02,65134.774
300859.SZ,20210712,25.05,25.29,24.0,24.5,25.33,-0.83,-3.2767,36295.73,89098.373
300859.SZ,20210709,24.85,25.87,24.75,25.33,25.0,0.33,1.32,36295.96,91986.249
300859.SZ,20210708,26.25,26.43,25.0,25.0,26.36,-1.36,-5.1593,49570.33,126655.076
300859.SZ,20210707,27.44,27.96,26.1,26.36,28.0,-1.64,-5.8571,52336.98,141866.404
300859.SZ,20210706,28.41,29.0,27.1,28.0,28.43,-0.43,-1.5125,44470.43,124374.49
300859.SZ,20210705,27.98,28.6,27.15,28.43,27.37,1.06,3.8729,41800.02,116877.928
300859.SZ,20210702,26.69,27.5,26.01,27.37,26.51,0.86,3.2441,42492.45,114457.243
300859.SZ,20210701,25.5,27.58,25.1,26.51,25.28,1.23,4.8655,50297.98,133729.988
300859.SZ,20210630,25.03,25.49,24.55,25.28,25.28,0.0,0.0,32007.96,80044.848
300859.SZ,20210629,24.45,25.5,24.45,25.28,24.34,0.94,3.862,36946.06,92720.46
300859.SZ,20210628,24.3,24.71,24.02,24.34,24.26,0.08,0.3298,20972.06,51075.152
300859.SZ,20210625,23.76,24.42,23.67,24.26,23.92,0.34,1.4214,27936.0,67439.422
300859.SZ,20210624,23.15,23.92,22.63,23.92,23.38,0.54,2.3097,32330.49,74904.655
300859.SZ,20210623,23.92,24.79,23.03,23.38,23.72,-0.34,-1.4334,42220.06,100930.134
300859.SZ,20210622,22.56,23.98,22.53,23.72,22.62,1.1,4.863,40816.06,95976.287
300859.SZ,20210621,22.32,22.87,22.04,22.62,22.42,0.2,0.8921,22996.1,51642.751
300859.SZ,20210618,22.22,22.48,21.58,22.42,22.34,0.08,0.3581,24316.67,53736.29
300859.SZ,20210617,21.89,23.45,21.6,22.34,21.4,0.94,4.3925,31138.0,70307.74
300859.SZ,20210616,21.38,21.86,21.1,21.4,21.22,0.18,0.8483,17006.0,36486.488
300859.SZ,20210615,22.22,22.46,21.12,21.22,22.22,-1.0,-4.5005,27989.0,60670.582
300859.SZ,20210611,22.18,23.09,21.85,22.22,22.22,0.0,0.0,33470.75,75471.752
300859.SZ,20210610,23.7,23.7,22.0,22.22,23.44,-1.22,-5.2048,47405.21,107995.571
300859.SZ,20210609,22.11,23.85,21.88,23.44,22.25,1.19,5.3483,53158.54,123966.852
300859.SZ,20210608,20.85,22.92,20.84,22.25,20.89,1.36,6.5103,48698.9,107447.68
300859.SZ,20210607,20.3,20.98,19.9,20.89,20.39,0.5,2.4522,27406.02,56211.573
300859.SZ,20210604,20.2,20.59,20.02,20.39,20.16,0.23,1.1409,22334.0,45374.155
300859.SZ,20210603,20.35,20.6,19.89,20.16,19.88,0.28,1.4085,28908.77,58539.06
300859.SZ,20210602,19.9,20.27,19.47,19.88,19.9,-0.02,-0.1005,25059.67,49641.644
300859.SZ,20210601,19.41,20.68,19.41,19.9,19.56,0.34,1.7382,26664.0,53502.933
300859.SZ,20210531,19.54,19.88,18.91,19.56,19.93,-0.37,-1.8565,34843.0,67507.631
300859.SZ,20210528,19.98,20.92,19.7,19.93,19.96,-0.03,-0.1503,38761.06,78668.011
300859.SZ,20210527,19.04,20.4,18.92,19.96,19.04,0.92,4.8319,44777.54,89137.581
300859.SZ,20210526,18.12,19.52,18.02,19.04,18.15,0.89,4.9036,38180.9,71353.259
300859.SZ,20210525,18.1,18.56,17.96,18.15,17.88,0.27,1.5101,23944.67,43657.698
300859.SZ,20210524,17.68,18.11,17.65,17.88,17.9,-0.02,-0.1117,20031.66,35806.328
300859.SZ,20210521,17.43,18.49,17.23,17.9,17.29,0.61,3.5281,30776.0,55214.982
300859.SZ,20210520,17.82,17.99,17.19,17.29,17.82,-0.53,-2.9742,29216.86,51019.113
300859.SZ,20210519,18.64,18.64,17.51,17.82,18.42,-0.6,-3.2573,34653.86,62415.729
300859.SZ,20210518,18.03,18.76,18.03,18.42,18.0,0.42,2.3333,29167.86,53822.93
300859.SZ,20210517,19.55,19.55,16.32,18.0,20.4,-2.4,-11.7647,48558.0,87115.22
300859.SZ,20210514,20.49,21.16,20.16,20.4,20.66,-0.26,-1.2585,55267.96,114149.983
300859.SZ,20210513,19.68,21.5,19.68,20.66,19.68,0.98,4.9797,67126.86,137913.083
300859.SZ,20210512,20.14,20.58,19.5,19.68,20.52,-0.84,-4.0936,64712.49,128657.075
300859.SZ,20210511,19.99,21.49,19.91,20.52,20.4,0.12,0.5882,69246.78,143106.417
300859.SZ,20210510,19.0,21.13,18.7,20.4,19.29,1.11,5.7543,86082.68,174157.458
300859.SZ,20210507,18.71,20.2,17.8,19.29,18.68,0.61,3.2655,101936.92,195193.556
300859.SZ,20210506,21.3,21.3,18.68,18.68,21.95,-3.27,-14.8975,104552.92,203415.825
300859.SZ,20210430,20.7,22.39,20.7,21.95,21.18,0.77,3.6355,101612.86,220921.477
300859.SZ,20210429,21.0,22.53,20.55,21.18,24.17,-2.99,-12.3707,155132.72,333524.548
300859.SZ,20210428,24.17,24.17,24.17,24.17,30.21,-6.04,-19.9934,24140.0,58346.38
300859.SZ,20210426,30.1,31.44,30.1,30.21,30.79,-0.58,-1.8837,80418.0,247560.565
300859.SZ,20210423,31.78,31.79,30.44,30.79,32.06,-1.27,-3.9613,85555.0,264843.905
300859.SZ,20210422,33.56,33.95,31.8,32.06,34.0,-1.94,-5.7059,122413.06,397629.42
300859.SZ,20210421,33.88,35.34,33.5,34.0,34.24,-0.24,-0.7009,116613.17,400085.375
300859.SZ,20210420,34.32,36.6,34.1,34.24,36.83,-2.59,-7.0323,166446.29,581737.171
300859.SZ,20210419,37.46,41.88,36.01,36.83,37.33,-0.5,-1.3394,180852.99,705333.393
300859.SZ,20210416,34.99,37.98,34.25,37.33,34.74,2.59,7.4554,129539.77,474614.744
300859.SZ,20210415,34.49,36.0,33.8,34.74,35.3,-0.56,-1.5864,113166.29,394336.462
300859.SZ,20210414,30.81,36.1,30.61,35.3,31.32,3.98,12.7075,157580.04,529134.194
300859.SZ,20210413,30.0,32.58,29.36,31.32,30.4,0.92,3.0263,97182.0,300742.786
300859.SZ,20210412,31.88,32.79,30.1,30.4,31.71,-1.31,-4.1312,82936.0,258379.073
300859.SZ,20210409,32.1,32.55,30.05,31.71,32.01,-0.3,-0.9372,91193.0,286817.604
300859.SZ,20210408,32.8,34.46,31.7,32.01,33.41,-1.4,-4.1904,107421.04,351014.395
300859.SZ,20210407,31.55,34.3,30.88,33.41,31.35,2.06,6.571,139829.33,457785.38
300859.SZ,20210406,33.1,33.15,31.08,31.35,32.35,-1.0,-3.0912,108763.18,343903.83
300859.SZ,20210402,32.31,33.7,31.44,32.35,32.21,0.14,0.4346,118413.14,387458.4
300859.SZ,20210401,36.0,37.0,31.7,32.21,37.11,-4.9,-13.204,163168.1,552108.025
300859.SZ,20210331,36.52,38.89,35.39,37.11,37.14,-0.03,-0.0808,118859.47,441723.053
300859.SZ,20210330,38.32,39.68,36.5,37.14,39.36,-2.22,-5.6402,131202.86,499262.602
300859.SZ,20210329,37.8,40.36,36.05,39.36,38.2,1.16,3.0366,188065.93,716756.334
300859.SZ,20210326,33.78,40.38,33.1,38.2,33.78,4.42,13.0847,185794.07,684074.608
300859.SZ,20210325,30.96,35.77,30.0,33.78,30.98,2.8,9.0381,166972.12,558364.051
300859.SZ,20210324,30.01,33.03,29.52,30.98,30.85,0.13,0.4214,127878.49,404558.316
300859.SZ,20210323,32.12,33.05,30.5,30.85,33.1,-2.25,-6.7976,147084.06,464944.223
300859.SZ,20210322,28.8,34.43,27.72,33.1,28.85,4.25,14.7314,190385.0,566575.154
300859.SZ,20210319,30.03,31.3,28.8,28.85,30.32,-1.47,-4.8483,118235.0,352286.302
300859.SZ,20210318,28.96,31.26,28.3,30.32,29.77,0.55,1.8475,158435.45,472277.11
300859.SZ,20210317,29.5,32.76,29.5,29.77,30.29,-0.52,-1.7167,150995.02,469085.089
300859.SZ,20210316,29.57,32.5,28.68,30.29,30.9,-0.61,-1.9741,172648.82,524908.518
300859.SZ,20210315,25.0,30.92,24.82,30.9,25.8,5.1,19.7674,176891.13,500213.901
300859.SZ,20210312,23.48,26.4,23.01,25.8,23.45,2.35,10.0213,146842.36,367993.016
300859.SZ,20210311,22.35,24.25,22.18,23.45,22.61,0.84,3.7152,134632.47,315314.15
300859.SZ,20210310,22.15,24.52,21.7,22.61,23.35,-0.74,-3.1692,167949.6,384813.118
300859.SZ,20210309,19.45,23.35,19.02,23.35,19.46,3.89,19.9897,146552.49,319114.712
300859.SZ,20210308,20.7,21.21,19.29,19.46,20.69,-1.23,-5.9449,66757.43,135266.267
300859.SZ,20210305,21.0,22.11,20.63,20.69,21.21,-0.52,-2.4517,70378.49,149413.372
300859.SZ,20210304,20.3,21.65,20.22,21.21,20.27,0.94,4.6374,85693.61,179706.772
300859.SZ,20210303,19.96,20.77,19.92,20.27,20.34,-0.07,-0.3441,55590.12,112774.092
300859.SZ,20210302,20.23,21.21,19.83,20.34,20.37,-0.03,-0.1473,72836.33,148853.264
300859.SZ,20210301,19.45,20.7,19.17,20.37,19.6,0.77,3.9286,70395.61,141978.384
300859.SZ,20210226,18.98,20.58,18.82,19.6,19.5,0.1,0.5128,68380.65,135947.462
300859.SZ,20210225,20.68,21.4,19.35,19.5,20.81,-1.31,-6.2951,89541.45,180023.114
300859.SZ,20210224,20.61,22.65,20.27,20.81,21.0,-0.19,-0.9048,122865.08,262862.984
300859.SZ,20210223,19.22,21.2,19.16,21.0,19.27,1.73,8.9777,100717.43,201924.515
300859.SZ,20210222,19.51,20.65,18.89,19.27,19.43,-0.16,-0.8235,105816.49,208308.72
300859.SZ,20210219,18.25,20.0,17.7,19.43,18.23,1.2,6.5826,103847.54,196442.533
300859.SZ,20210218,19.14,19.5,17.92,18.23,18.06,0.17,0.9413,105239.49,195005.243
300859.SZ,20210210,17.52,19.45,17.29,18.06,17.29,0.77,4.4534,106687.05,195982.437
300859.SZ,20210209,16.07,17.83,16.07,17.29,17.58,-0.29,-1.6496,125153.96,212649.757
300859.SZ,20210208,17.08,19.89,16.5,17.58,16.97,0.61,3.5946,156643.04,287250.714
300859.SZ,20210205,14.29,16.97,14.25,16.97,14.14,2.83,20.0141,106228.96,168936.772
300859.SZ,20210204,14.41,14.6,13.7,14.14,14.71,-0.57,-3.8749,46202.43,65123.353
300859.SZ,20210203,15.67,15.9,14.63,14.71,15.35,-0.64,-4.1694,50079.97,75654.317
300859.SZ,20210202,15.35,16.5,15.12,15.35,14.9,0.45,3.0201,62883.74,99357.045
300859.SZ,20210201,14.11,15.69,14.11,14.9,14.79,0.11,0.7437,78336.69,117588.552
300859.SZ,20210129,14.91,16.3,14.02,14.79,17.0,-2.21,-13.0,124325.13,185372.065
300859.SZ,20210128,17.12,17.9,16.95,17.0,17.5,-0.5,-2.8571,50237.0,87328.526
300859.SZ,20210127,16.3,17.88,16.1,17.5,16.34,1.16,7.0991,70926.12,121065.095
300859.SZ,20210126,15.7,17.28,15.52,16.34,15.71,0.63,4.0102,59205.12,98122.652
300859.SZ,20210125,15.8,15.94,15.31,15.71,16.17,-0.46,-2.8448,39582.92,61802.978
300859.SZ,20210122,16.11,17.0,16.1,16.17,16.08,0.09,0.5597,50390.92,83174.765
300859.SZ,20210121,15.85,16.38,15.61,16.08,16.07,0.01,0.0622,33401.06,53782.477
300859.SZ,20210120,16.39,16.74,16.04,16.07,16.4,-0.33,-2.0122,41796.98,68225.426
300859.SZ,20210119,15.78,17.31,15.78,16.4,15.81,0.59,3.7318,59885.0,99025.892
300859.SZ,20210118,15.87,16.27,15.7,15.81,15.93,-0.12,-0.7533,42666.33,68145.509
300859.SZ,20210115,15.3,16.17,14.9,15.93,15.25,0.68,4.459,61696.06,97111.825
300859.SZ,20210114,14.95,15.65,14.68,15.25,14.63,0.62,4.2379,58267.12,88572.346
300859.SZ,20210113,15.56,15.7,14.6,14.63,15.65,-1.02,-6.5176,43729.06,65631.394
300859.SZ,20210112,15.95,16.78,15.59,15.65,15.93,-0.28,-1.7577,39741.03,63828.597
300859.SZ,20210111,16.61,16.73,15.67,15.93,16.77,-0.84,-5.0089,40904.69,65636.42
300859.SZ,20210108,16.9,17.48,16.48,16.77,17.11,-0.34,-1.9871,35994.92,61247.47
300859.SZ,20210107,18.52,18.84,16.93,17.11,18.81,-1.7,-9.0377,46806.9,82461.836
300859.SZ,20210106,19.91,19.91,18.81,18.81,19.9,-1.09,-5.4774,27044.0,51781.487
300859.SZ,20210105,19.91,20.21,19.68,19.9,20.09,-0.19,-0.9457,20812.43,41353.486
300859.SZ,20210104,20.0,20.43,19.76,20.09,20.24,-0.15,-0.7411,32702.0,65541.784
300859.SZ,20201231,18.8,20.6,18.78,20.24,18.95,1.29,6.8074,50180.02,99863.6
300859.SZ,20201230,19.09,19.45,18.81,18.95,19.08,-0.13,-0.6813,21063.92,40169.17
300859.SZ,20201229,18.5,19.38,18.5,19.08,18.5,0.58,3.1351,35149.06,66799.767
300859.SZ,20201228,19.42,19.44,18.43,18.5,19.54,-1.04,-5.3224,36805.35,68975.523
300859.SZ,20201225,19.4,19.97,19.2,19.54,19.46,0.08,0.4111,29804.13,58406.945
300859.SZ,20201224,20.52,20.74,19.36,19.46,20.52,-1.06,-5.1657,42920.44,84924.954
300859.SZ,20201223,21.5,21.5,20.38,20.52,21.25,-0.73,-3.4353,38501.0,79858.136
300859.SZ,20201222,22.0,22.36,21.14,21.25,22.24,-0.99,-4.4514,49822.62,107440.938
300859.SZ,20201221,23.18,23.18,22.1,22.24,23.28,-1.04,-4.4674,47750.06,107847.065
300859.SZ,20201218,24.31,24.31,23.15,23.28,24.43,-1.15,-4.7073,52668.98,124479.11
300859.SZ,20201217,23.5,25.2,23.49,24.43,23.65,0.78,3.2981,77281.89,188841.437
300859.SZ,20201216,23.36,24.49,22.88,23.65,23.17,0.48,2.0716,51001.06,121426.286
300859.SZ,20201215,24.2,24.29,23.08,23.17,24.03,-0.86,-3.5789,36854.88,86999.538
300859.SZ,20201214,22.5,25.37,22.5,24.03,22.71,1.32,5.8124,52576.79,126295.053
300859.SZ,20201211,24.0,24.0,22.34,22.71,23.88,-1.17,-4.8995,31937.61,73521.25
300859.SZ,20201210,23.5,24.48,23.32,23.88,23.56,0.32,1.3582,24456.55,58411.623
300859.SZ,20201209,24.4,24.51,23.55,23.56,24.45,-0.89,-3.6401,25549.01,61249.835
300859.SZ,20201208,25.08,25.15,24.43,24.45,24.93,-0.48,-1.9254,27270.0,67337.113
300859.SZ,20201207,25.16,25.7,24.89,24.93,25.1,-0.17,-0.6773,36858.49,93385.932
300859.SZ,20201204,24.58,25.2,24.24,25.1,24.78,0.32,1.2914,28021.06,69658.274
300859.SZ,20201203,24.7,25.2,24.4,24.78,24.68,0.1,0.4052,29225.12,72687.299
300859.SZ,20201202,25.12,25.29,24.41,24.68,25.0,-0.32,-1.28,32835.18,81521.86
300859.SZ,20201201,23.82,25.28,23.75,25.0,23.91,1.09,4.5588,44297.67,109695.524
300859.SZ,20201130,23.81,24.18,23.77,23.91,23.77,0.14,0.589,20895.23,50019.879
300859.SZ,20201127,24.56,24.75,23.53,23.77,24.72,-0.95,-3.843,36447.55,87602.807
300859.SZ,20201126,24.7,25.59,24.69,24.72,25.15,-0.43,-1.7097,27643.0,68989.843
300859.SZ,20201125,24.9,25.77,24.69,25.15,24.83,0.32,1.2888,32751.04,82097.474
300859.SZ,20201124,25.38,25.66,24.62,24.83,25.38,-0.55,-2.1671,29859.86,74715.689
300859.SZ,20201123,26.21,26.39,25.23,25.38,26.19,-0.81,-3.0928,38010.06,97135.826
300859.SZ,20201120,26.65,27.28,26.09,26.19,26.98,-0.79,-2.9281,38423.0,101493.283
300859.SZ,20201119,26.95,27.47,26.2,26.98,26.73,0.25,0.9353,52474.2,141296.922
300859.SZ,20201118,27.9,28.44,26.7,26.73,27.85,-1.12,-4.0215,51978.85,143108.987
300859.SZ,20201117,28.73,29.49,27.05,27.85,28.83,-0.98,-3.3992,60710.09,171292.636
300859.SZ,20201116,27.8,28.99,27.0,28.83,28.16,0.67,2.3793,75402.63,211905.686
300859.SZ,20201113,27.96,28.92,27.47,28.16,28.4,-0.24,-0.8451,71293.98,200302.793
300859.SZ,20201112,26.33,29.5,26.0,28.4,26.79,1.61,6.0097,111928.26,313101.367
300859.SZ,20201111,26.02,28.25,26.02,26.79,27.83,-1.04,-3.737,78018.16,209764.313
300859.SZ,20201110,27.95,30.74,27.66,27.83,25.62,2.21,8.6261,133563.29,387007.27
300859.SZ,20201109,24.89,25.88,24.83,25.62,24.83,0.79,3.1816,44202.54,112292.347
300859.SZ,20201106,25.21,25.38,24.34,24.83,25.03,-0.2,-0.799,34961.12,86840.044
300859.SZ,20201105,24.89,25.75,24.69,25.03,24.47,0.56,2.2885,36406.13,91502.081
300859.SZ,20201104,24.93,25.2,24.25,24.47,24.87,-0.4,-1.6084,29811.49,73535.623
300859.SZ,20201103,24.56,25.2,24.2,24.87,24.42,0.45,1.8428,32310.61,80059.91
300859.SZ,20201102,25.05,25.44,24.04,24.42,25.05,-0.63,-2.515,37288.09,91693.784
300859.SZ,20201030,27.83,28.17,25.0,25.05,27.83,-2.78,-9.9892,51474.48,135910.061
300859.SZ,20201029,28.06,29.17,27.51,27.83,28.95,-1.12,-3.8687,35216.47,99812.422
300859.SZ,20201028,29.09,29.75,28.82,28.95,29.22,-0.27,-0.924,35521.5,103530.568
300859.SZ,20201027,28.15,29.73,27.91,29.22,28.49,0.73,2.5623,62288.35,180290.272
300859.SZ,20201026,27.5,29.5,26.02,28.49,28.5,-0.01,-0.0351,69073.86,192119.201
300859.SZ,20201023,29.54,30.49,28.5,28.5,30.2,-1.7,-5.6291,67532.37,199181.628
300859.SZ,20201022,32.23,32.64,30.19,30.2,32.8,-2.6,-7.9268,92426.16,286041.65
300859.SZ,20201021,31.47,33.12,30.62,32.8,31.46,1.34,4.2594,105065.25,337016.697
300859.SZ,20201020,31.17,31.98,30.4,31.46,31.15,0.31,0.9952,67094.89,210458.062
300859.SZ,20201019,31.12,31.44,30.78,31.15,31.12,0.03,0.0964,49912.37,155448.339
300859.SZ,20201016,31.03,31.67,29.9,31.12,30.9,0.22,0.712,68255.27,211133.937
300859.SZ,20201015,31.05,31.85,30.55,30.9,31.49,-0.59,-1.8736,54530.06,169684.723
300859.SZ,20201014,32.75,32.88,30.4,31.49,32.66,-1.17,-3.5824,97407.56,306568.522
300859.SZ,20201013,33.22,33.55,32.26,32.66,33.7,-1.04,-3.0861,86249.42,282387.714
300859.SZ,20201012,32.5,33.7,32.06,33.7,32.78,0.92,2.8066,106999.59,352639.89
300859.SZ,20201009,33.21,33.7,32.42,32.78,33.2,-0.42,-1.2651,80726.97,266938.783
300859.SZ,20200930,34.99,35.28,31.87,33.2,34.42,-1.22,-3.5445,101208.56,334849.385
300859.SZ,20200929,36.11,36.95,33.53,34.42,37.67,-3.25,-8.6276,115080.55,401094.945
300859.SZ,20200928,38.02,40.84,35.83,37.67,37.31,0.36,0.9649,110838.04,421303.457
300859.SZ,20200925,36.5,39.69,36.38,37.31,35.8,1.51,4.2179,130018.55,495925.623
300859.SZ,20200924,41.27,41.27,34.7,35.8,41.39,-5.59,-13.5057,127763.47,493288.445
300859.SZ,20200923,41.09,42.6,39.8,41.39,40.9,0.49,1.198,101402.05,417514.156
300859.SZ,20200922,41.41,42.36,39.77,40.9,42.88,-1.98,-4.6175,107099.52,440513.563
300859.SZ,20200921,42.0,45.0,40.79,42.88,42.99,-0.11,-0.2559,140816.1,600151.093
300859.SZ,20200918,39.4,45.45,38.33,42.99,40.65,2.34,5.7565,197795.91,836948.731
300859.SZ,20200917,42.13,43.65,39.5,40.65,44.03,-3.38,-7.6766,183027.58,759553.79
300859.SZ,20200916,43.02,45.14,40.12,44.03,45.14,-1.11,-2.459,230623.37,989197.017
300859.SZ,20200915,36.81,45.14,36.81,45.14,37.62,7.52,19.9894,253663.59,1081284.883
300859.SZ,20200914,36.63,40.5,36.0,37.62,35.92,1.7,4.7327,191430.45,731568.997
300859.SZ,20200911,33.0,37.19,31.85,35.92,33.88,2.04,6.0213,170535.66,601373.839
300859.SZ,20200910,30.8,33.88,29.09,33.88,31.44,2.44,7.7608,147251.74,467095.766
300859.SZ,20200909,35.29,36.65,31.36,31.44,36.64,-5.2,-14.1921,163720.28,561078.704
300859.SZ,20200908,34.11,39.5,33.01,36.64,35.35,1.29,3.6492,189644.36,685886.974
300859.SZ,20200907,31.6,35.95,31.6,35.35,31.6,3.75,11.8671,178246.96,611037.051
300859.SZ,20200904,29.77,32.5,29.08,31.6,31.45,0.15,0.4769,115815.15,358133.689
300859.SZ,20200903,34.9,35.4,31.0,31.45,37.17,-5.72,-15.3888,184089.82,608891.334
300859.SZ,20200902,35.3,39.97,34.97,37.17,35.2,1.97,5.5966,229346.14,854427.031
300859.SZ,20200901,35.9,36.92,33.5,35.2,37.98,-2.78,-7.3196,204438.81,719706.085
300859.SZ,20200831,41.9,42.44,37.77,37.98,41.8,-3.82,-9.1388,252585.7,1005446.621
300859.SZ,20200828,34.1,41.8,33.24,41.8,34.83,6.97,20.0115,253483.94,952140.889
300859.SZ,20200827,32.78,36.48,30.8,34.83,34.35,0.48,1.3974,230639.56,772177.115
300859.SZ,20200826,33.12,37.85,32.21,34.35,32.2,2.15,6.677,264992.32,920847.099
300859.SZ,20200825,28.26,33.92,28.26,32.2,31.11,1.09,3.5037,249676.21,768275.647
300859.SZ,20200824,30.25,35.0,30.0,31.11,29.56,1.55,5.2436,294191.91,927376.287
300859.SZ,20200821,29.56,29.56,29.56,29.56,26.87,2.69,10.0112,46841.52,138463.533
300859.SZ,20200820,26.87,26.87,26.87,26.87,24.43,2.44,9.9877,10637.98,28584.252
300859.SZ,20200819,24.43,24.43,24.43,24.43,22.21,2.22,9.9955,1248.29,3049.572
300859.SZ,20200818,22.21,22.21,22.21,22.21,20.19,2.02,10.005,1334.6,2964.146
300859.SZ,20200817,20.19,20.19,20.19,20.19,18.35,1.84,10.0272,2144.68,4330.108
300859.SZ,20200814,18.35,18.35,18.35,18.35,16.68,1.67,10.012,1587.08,2912.291
300859.SZ,20200813,16.68,16.68,16.68,16.68,15.16,1.52,10.0264,1150.39,1918.85
300859.SZ,20200812,15.16,15.16,15.16,15.16,13.78,1.38,10.0145,1119.64,1697.374
300859.SZ,20200811,13.78,13.78,13.78,13.78,12.53,1.25,9.9761,763.5,1052.103
300859.SZ,20200810,12.53,12.53,12.53,12.53,11.39,1.14,10.0088,566.06,709.273
300859.SZ,20200807,11.39,11.39,11.39,11.39,10.35,1.04,10.0483,335.33,381.94
300859.SZ,20200806,8.63,10.35,8.63,10.35,7.19,3.16,43.9499,1607.37,1657.486
