ts_code,trade_date,open,high,low,close,pre_close,change,pct_chg,vol,amount
600168.SH,20250627,4.6,4.66,4.59,4.64,4.59,0.05,1.0893,65361.54,30312.913
600168.SH,20250626,4.6,4.61,4.57,4.59,4.6,-0.01,-0.2174,41223.8,18916.726
600168.SH,20250625,4.59,4.6,4.55,4.6,4.58,0.02,0.4367,51885.6,23743.605
600168.SH,20250624,4.53,4.58,4.51,4.58,4.52,0.06,1.3274,49178.4,22416.55
600168.SH,20250623,4.43,4.52,4.42,4.52,4.47,0.05,1.1186,36546.0,16413.072
600168.SH,20250620,4.47,4.5,4.45,4.47,4.47,0.0,0.0,38754.8,17331.418
600168.SH,20250619,4.56,4.57,4.45,4.47,4.56,-0.09,-1.9737,66397.8,29861.048
600168.SH,20250618,4.62,4.64,4.55,4.56,4.66,-0.1,-2.1459,72187.4,33067.802
600168.SH,20250617,4.61,4.75,4.59,4.66,4.62,0.04,0.8658,88892.4,41282.782
600168.SH,20250616,4.66,4.71,4.59,4.62,4.66,-0.04,-0.8584,78518.6,36445.547
600168.SH,20250613,4.69,4.76,4.67,4.69,4.72,-0.03,-0.6356,97096.0,45788.885
600168.SH,20250612,4.73,4.74,4.69,4.72,4.73,-0.01,-0.2114,51912.4,24433.226
600168.SH,20250611,4.71,4.75,4.69,4.73,4.71,0.02,0.4246,59738.6,28257.042
600168.SH,20250610,4.73,4.75,4.64,4.71,4.74,-0.03,-0.6329,73280.22,34441.795
600168.SH,20250609,4.74,4.74,4.71,4.74,4.74,0.0,0.0,49991.73,23624.367
600168.SH,20250606,4.71,4.75,4.7,4.74,4.72,0.02,0.4237,44264.6,20914.956
600168.SH,20250605,4.78,4.79,4.7,4.72,4.77,-0.05,-1.0482,78205.02,37016.764
600168.SH,20250604,4.71,4.77,4.69,4.77,4.7,0.07,1.4894,72237.82,34198.818
600168.SH,20250603,4.69,4.72,4.66,4.7,4.73,-0.03,-0.6342,69031.2,32396.674
600168.SH,20250530,4.77,4.82,4.7,4.73,4.77,-0.04,-0.8386,99624.01,47156.345
600168.SH,20250529,4.72,4.79,4.71,4.77,4.76,0.01,0.2101,101202.92,48189.105
600168.SH,20250528,4.66,4.85,4.66,4.76,4.66,0.1,2.1459,215316.46,102862.811
600168.SH,20250527,4.61,4.71,4.6,4.66,4.61,0.05,1.0846,88452.4,41172.247
600168.SH,20250526,4.57,4.68,4.55,4.61,4.56,0.05,1.0965,85433.0,39468.879
600168.SH,20250523,4.61,4.67,4.55,4.56,4.61,-0.05,-1.0846,91206.73,42012.377
600168.SH,20250522,4.7,4.71,4.6,4.61,4.73,-0.12,-2.537,93150.0,43236.305
600168.SH,20250521,4.66,4.74,4.66,4.73,4.68,0.05,1.0684,115446.21,54213.309
600168.SH,20250520,4.67,4.68,4.63,4.68,4.65,0.03,0.6452,83564.16,38916.282
600168.SH,20250519,4.57,4.67,4.56,4.65,4.55,0.1,2.1978,90574.76,41906.04
600168.SH,20250516,4.59,4.61,4.55,4.55,4.59,-0.04,-0.8715,72574.4,33213.687
600168.SH,20250515,4.61,4.64,4.58,4.59,4.63,-0.04,-0.8639,51107.0,23546.561
600168.SH,20250514,4.62,4.64,4.58,4.63,4.62,0.01,0.2165,73200.75,33760.423
600168.SH,20250513,4.67,4.67,4.6,4.62,4.65,-0.03,-0.6452,58964.61,27294.788
600168.SH,20250512,4.66,4.68,4.58,4.65,4.64,0.01,0.2155,89289.0,41229.03
600168.SH,20250509,4.61,4.68,4.59,4.64,4.62,0.02,0.4329,78164.93,36218.973
600168.SH,20250508,4.57,4.63,4.57,4.62,4.59,0.03,0.6536,57115.53,26319.235
600168.SH,20250507,4.58,4.64,4.57,4.59,4.56,0.03,0.6579,85547.33,39330.649
600168.SH,20250506,4.49,4.57,4.49,4.56,4.47,0.09,2.0134,79637.2,36195.786
600168.SH,20250430,4.53,4.54,4.45,4.47,4.53,-0.06,-1.3245,64659.8,29045.637
600168.SH,20250429,4.51,4.55,4.49,4.53,4.51,0.02,0.4435,57833.0,26160.985
600168.SH,20250428,4.62,4.64,4.49,4.51,4.64,-0.13,-2.8017,100777.0,45575.355
600168.SH,20250425,4.57,4.66,4.53,4.64,4.57,0.07,1.5317,93633.37,43035.868
600168.SH,20250424,4.58,4.62,4.55,4.57,4.57,0.0,0.0,54442.49,24958.073
600168.SH,20250423,4.6,4.62,4.56,4.57,4.59,-0.02,-0.4357,51990.4,23806.679
600168.SH,20250422,4.56,4.6,4.56,4.59,4.58,0.01,0.2183,55423.67,25411.404
600168.SH,20250421,4.59,4.6,4.54,4.58,4.58,0.0,0.0,50872.4,23266.692
600168.SH,20250418,4.6,4.62,4.54,4.58,4.6,-0.02,-0.4348,50795.0,23252.782
600168.SH,20250417,4.58,4.64,4.56,4.6,4.59,0.01,0.2179,51623.65,23810.814
600168.SH,20250416,4.65,4.67,4.54,4.59,4.65,-0.06,-1.2903,55653.9,25563.592
600168.SH,20250415,4.65,4.67,4.6,4.65,4.64,0.01,0.2155,51596.0,23896.669
600168.SH,20250414,4.58,4.65,4.55,4.64,4.54,0.1,2.2026,79038.38,36394.529
600168.SH,20250411,4.5,4.6,4.47,4.54,4.52,0.02,0.4425,90108.8,40998.016
600168.SH,20250410,4.49,4.55,4.46,4.52,4.45,0.07,1.573,115531.3,52151.943
600168.SH,20250409,4.29,4.46,4.13,4.45,4.38,0.07,1.5982,141090.9,60980.936
600168.SH,20250408,4.27,4.43,4.27,4.38,4.36,0.02,0.4587,129449.0,56323.377
600168.SH,20250407,4.67,4.76,4.36,4.36,4.84,-0.48,-9.9174,157719.4,70618.707
600168.SH,20250403,4.76,4.86,4.76,4.84,4.8,0.04,0.8333,72648.64,35055.275
600168.SH,20250402,4.84,4.88,4.79,4.8,4.86,-0.06,-1.2346,80625.56,38866.952
600168.SH,20250401,4.7,4.94,4.69,4.86,4.68,0.18,3.8462,166283.7,80133.423
600168.SH,20250331,4.75,4.78,4.65,4.68,4.75,-0.07,-1.4737,117229.81,55215.888
600168.SH,20250328,4.88,4.91,4.75,4.75,4.89,-0.14,-2.863,165050.4,79383.621
600168.SH,20250327,4.85,4.95,4.77,4.89,4.87,0.02,0.4107,180408.61,87783.219
600168.SH,20250326,4.82,4.9,4.8,4.87,4.84,0.03,0.6198,142021.34,68998.84
600168.SH,20250325,4.88,4.89,4.78,4.84,4.87,-0.03,-0.616,111599.6,53888.722
600168.SH,20250324,4.8,4.92,4.78,4.87,4.81,0.06,1.2474,164994.2,80122.702
600168.SH,20250321,4.83,4.87,4.78,4.81,4.83,-0.02,-0.4141,111433.4,53803.286
600168.SH,20250320,4.88,4.89,4.81,4.83,4.86,-0.03,-0.6173,111338.78,53845.555
600168.SH,20250319,4.87,4.9,4.84,4.86,4.9,-0.04,-0.8163,120989.17,58886.923
600168.SH,20250318,4.96,4.97,4.85,4.9,4.97,-0.07,-1.4085,161772.2,79320.962
600168.SH,20250317,4.78,5.23,4.78,4.97,4.77,0.2,4.1929,387586.44,193648.904
600168.SH,20250314,4.7,4.78,4.7,4.77,4.73,0.04,0.8457,152099.91,72223.721
600168.SH,20250313,4.82,4.84,4.68,4.73,4.8,-0.07,-1.4583,177186.49,84029.359
600168.SH,20250312,4.82,4.88,4.77,4.8,4.86,-0.06,-1.2346,239103.2,114796.369
600168.SH,20250311,4.93,4.95,4.68,4.86,5.03,-0.17,-3.3797,408058.78,197070.141
600168.SH,20250310,5.47,5.47,5.02,5.03,4.98,0.05,1.004,790642.98,410094.437
600168.SH,20250307,4.98,4.98,4.98,4.98,4.53,0.45,9.9338,45156.49,22487.932
600168.SH,20250220,4.35,4.57,4.33,4.53,4.37,0.16,3.6613,183906.6,82681.458
600168.SH,20250219,4.4,4.4,4.34,4.37,4.36,0.01,0.2294,53908.4,23530.384
600168.SH,20250218,4.46,4.47,4.35,4.36,4.45,-0.09,-2.0225,77076.21,34017.244
600168.SH,20250217,4.4,4.47,4.38,4.45,4.39,0.06,1.3667,65832.89,29189.57
600168.SH,20250214,4.44,4.45,4.37,4.39,4.4,-0.01,-0.2273,48143.85,21187.943
600168.SH,20250213,4.46,4.48,4.4,4.4,4.45,-0.05,-1.1236,56930.8,25210.114
600168.SH,20250212,4.42,4.45,4.4,4.45,4.43,0.02,0.4515,59304.61,26284.513
600168.SH,20250211,4.42,4.44,4.39,4.43,4.42,0.01,0.2262,48118.49,21232.377
600168.SH,20250210,4.36,4.44,4.36,4.42,4.36,0.06,1.3761,66765.0,29438.546
600168.SH,20250207,4.32,4.38,4.3,4.36,4.31,0.05,1.1601,88893.62,38692.372
600168.SH,20250206,4.29,4.31,4.21,4.31,4.29,0.02,0.4662,55507.6,23722.307
600168.SH,20250205,4.31,4.34,4.26,4.29,4.29,0.0,0.0,45069.4,19351.432
600168.SH,20250127,4.27,4.37,4.27,4.29,4.27,0.02,0.4684,74721.2,32305.617
600168.SH,20250124,4.29,4.3,4.24,4.27,4.29,-0.02,-0.4662,46724.8,19957.911
600168.SH,20250123,4.28,4.38,4.28,4.29,4.27,0.02,0.4684,48945.66,21206.352
600168.SH,20250122,4.29,4.3,4.25,4.27,4.29,-0.02,-0.4662,37803.42,16126.453
600168.SH,20250121,4.34,4.37,4.28,4.29,4.34,-0.05,-1.1521,42437.0,18335.637
600168.SH,20250120,4.34,4.36,4.26,4.34,4.29,0.05,1.1655,64579.68,27879.703
600168.SH,20250117,4.32,4.32,4.26,4.29,4.31,-0.02,-0.464,32579.26,13979.912
600168.SH,20250116,4.29,4.34,4.28,4.31,4.27,0.04,0.9368,53943.2,23253.927
600168.SH,20250115,4.26,4.28,4.21,4.27,4.27,0.0,0.0,58221.94,24783.145
600168.SH,20250114,4.15,4.27,4.14,4.27,4.16,0.11,2.6442,70840.8,29917.894
600168.SH,20250113,4.13,4.18,4.06,4.16,4.13,0.03,0.7264,43727.2,18051.105
600168.SH,20250110,4.23,4.24,4.13,4.13,4.23,-0.1,-2.3641,42072.6,17607.747
600168.SH,20250109,4.25,4.26,4.2,4.23,4.26,-0.03,-0.7042,43548.6,18436.831
600168.SH,20250108,4.25,4.27,4.14,4.26,4.26,0.0,0.0,60212.0,25399.193
600168.SH,20250107,4.24,4.26,4.19,4.26,4.23,0.03,0.7092,46739.0,19759.691
600168.SH,20250106,4.23,4.25,4.12,4.23,4.23,0.0,0.0,67437.04,28342.941
600168.SH,20250103,4.38,4.4,4.21,4.23,4.37,-0.14,-3.2037,88323.4,37886.992
600168.SH,20250102,4.45,4.49,4.33,4.37,4.43,-0.06,-1.3544,83616.54,36938.295
600168.SH,20241231,4.5,4.54,4.42,4.43,4.48,-0.05,-1.1161,68748.6,30749.474
600168.SH,20241230,4.58,4.6,4.46,4.48,4.59,-0.11,-2.3965,111028.0,49863.978
600168.SH,20241227,4.51,4.6,4.5,4.59,4.5,0.09,2.0,98495.03,44973.523
600168.SH,20241226,4.54,4.58,4.49,4.5,4.56,-0.06,-1.3158,79703.42,36104.07
600168.SH,20241225,4.6,4.63,4.49,4.56,4.62,-0.06,-1.2987,60959.6,27653.474
600168.SH,20241224,4.67,4.67,4.58,4.62,4.55,0.07,1.5385,64560.86,29831.632
600168.SH,20241223,4.75,4.76,4.54,4.55,4.73,-0.18,-3.8055,122488.6,56583.409
600168.SH,20241220,4.79,4.79,4.71,4.73,4.77,-0.04,-0.8386,73178.8,34735.523
600168.SH,20241219,4.8,4.83,4.74,4.77,4.81,-0.04,-0.8316,71066.99,33932.851
600168.SH,20241218,4.84,4.95,4.78,4.81,4.82,-0.01,-0.2075,75629.13,36744.208
600168.SH,20241217,5.03,5.04,4.8,4.82,5.02,-0.2,-3.9841,122795.4,59914.367
600168.SH,20241216,5.03,5.09,4.99,5.02,5.01,0.01,0.1996,81107.44,40820.941
600168.SH,20241213,5.15,5.16,5.01,5.01,5.15,-0.14,-2.7184,145752.0,73858.026
600168.SH,20241212,5.09,5.2,5.06,5.15,5.1,0.05,0.9804,128538.41,66167.248
600168.SH,20241211,5.06,5.15,5.03,5.1,5.05,0.05,0.9901,94021.41,47971.319
600168.SH,20241210,5.18,5.24,5.03,5.05,5.09,-0.04,-0.7859,176790.0,90124.142
600168.SH,20241209,5.17,5.22,5.03,5.09,5.13,-0.04,-0.7797,121732.0,62278.156
600168.SH,20241206,5.01,5.16,5.01,5.13,5.01,0.12,2.3952,152350.6,77659.856
600168.SH,20241205,4.99,5.05,4.94,5.01,4.98,0.03,0.6024,99551.64,49714.827
600168.SH,20241204,5.02,5.08,4.96,4.98,5.05,-0.07,-1.3861,107409.2,53820.866
600168.SH,20241203,4.99,5.08,4.96,5.05,4.99,0.06,1.2024,116557.44,58597.399
600168.SH,20241202,4.91,5.02,4.9,4.99,4.9,0.09,1.8367,119719.6,59466.074
600168.SH,20241129,4.87,4.93,4.81,4.9,4.9,0.0,0.0,121203.33,59179.666
600168.SH,20241128,4.85,4.97,4.83,4.9,4.85,0.05,1.0309,104405.38,51326.063
600168.SH,20241127,4.87,4.87,4.7,4.85,4.86,-0.01,-0.2058,99316.6,47472.496
600168.SH,20241126,4.93,4.95,4.82,4.86,4.92,-0.06,-1.2195,95447.47,46575.366
600168.SH,20241125,4.96,5.0,4.8,4.92,4.94,-0.02,-0.4049,150990.42,73995.562
600168.SH,20241122,4.96,5.28,4.92,4.94,4.94,0.0,0.0,318606.2,161721.245
600168.SH,20241121,5.0,5.02,4.9,4.94,4.99,-0.05,-1.002,90532.2,44708.384
600168.SH,20241120,4.93,5.02,4.85,4.99,4.92,0.07,1.4228,125777.8,62286.346
600168.SH,20241119,4.82,4.92,4.77,4.92,4.81,0.11,2.2869,168847.8,81900.782
600168.SH,20241118,4.84,4.95,4.78,4.81,4.8,0.01,0.2083,170193.2,82777.163
600168.SH,20241115,4.95,5.02,4.8,4.8,4.97,-0.17,-3.4205,148720.47,72986.498
600168.SH,20241114,5.09,5.14,4.96,4.97,5.12,-0.15,-2.9297,170379.5,85534.398
600168.SH,20241113,5.16,5.26,5.08,5.12,5.2,-0.08,-1.5385,241402.08,124027.446
600168.SH,20241112,5.45,5.45,5.15,5.2,5.44,-0.24,-4.4118,317130.04,166467.081
600168.SH,20241111,5.46,5.78,5.32,5.44,5.32,0.12,2.2556,526827.58,288874.456
600168.SH,20241108,5.6,5.65,5.28,5.32,5.34,-0.02,-0.3745,641168.56,347884.467
600168.SH,20241107,4.81,5.34,4.81,5.34,4.85,0.49,10.1031,405298.99,210614.914
600168.SH,20241106,4.79,4.98,4.73,4.85,4.84,0.01,0.2066,313801.78,152140.191
600168.SH,20241105,4.59,4.9,4.56,4.84,4.68,0.16,3.4188,402255.87,190865.696
600168.SH,20241104,4.49,4.79,4.45,4.68,4.48,0.2,4.4643,271712.26,126725.962
600168.SH,20241101,4.58,4.63,4.47,4.48,4.61,-0.13,-2.82,144496.42,65421.335
600168.SH,20241031,4.48,4.68,4.47,4.61,4.48,0.13,2.9018,212072.2,96913.047
600168.SH,20241030,4.41,4.52,4.38,4.48,4.41,0.07,1.5873,106417.6,47376.301
600168.SH,20241029,4.52,4.55,4.39,4.41,4.52,-0.11,-2.4336,122934.8,55022.61
600168.SH,20241028,4.4,4.54,4.38,4.52,4.41,0.11,2.4943,163121.06,73027.343
600168.SH,20241025,4.37,4.42,4.36,4.41,4.36,0.05,1.1468,83919.41,36951.215
600168.SH,20241024,4.37,4.4,4.34,4.36,4.37,-0.01,-0.2288,59534.78,25997.269
600168.SH,20241023,4.4,4.42,4.35,4.37,4.39,-0.02,-0.4556,110469.35,48488.631
600168.SH,20241022,4.37,4.4,4.35,4.39,4.38,0.01,0.2283,68051.82,29809.115
600168.SH,20241021,4.4,4.42,4.33,4.38,4.41,-0.03,-0.6803,126371.48,55218.82
600168.SH,20241018,4.43,4.49,4.31,4.41,4.45,-0.04,-0.8989,159210.32,70063.726
600168.SH,20241017,4.58,4.6,4.45,4.45,4.59,-0.14,-3.0501,162569.0,73256.614
600168.SH,20241016,4.39,4.69,4.39,4.59,4.49,0.1,2.2272,241718.66,109626.144
600168.SH,20241015,4.42,4.76,4.29,4.49,4.46,0.03,0.6726,291477.63,130330.264
600168.SH,20241014,4.4,4.56,4.3,4.46,4.26,0.2,4.6948,205696.53,91037.332
600168.SH,20241011,4.4,4.4,4.23,4.26,4.42,-0.16,-3.6199,125711.22,53932.208
600168.SH,20241010,4.21,4.56,4.19,4.42,4.18,0.24,5.7416,213352.44,93366.681
600168.SH,20241009,4.51,4.51,4.16,4.18,4.5,-0.32,-7.1111,157683.5,67672.332
600168.SH,20241008,4.83,4.83,4.34,4.5,4.4,0.1,2.2727,349973.41,157924.032
600168.SH,20240930,4.19,4.43,4.14,4.4,4.08,0.32,7.8431,258599.07,110815.459
600168.SH,20240927,4.05,4.1,4.01,4.08,4.0,0.08,2.0,89371.42,36276.377
600168.SH,20240926,3.86,4.0,3.86,4.0,3.86,0.14,3.6269,110836.93,43821.361
600168.SH,20240925,3.84,3.92,3.83,3.86,3.8,0.06,1.5789,86645.54,33597.677
600168.SH,20240924,3.72,3.81,3.71,3.8,3.71,0.09,2.4259,47031.61,17747.28
600168.SH,20240923,3.69,3.72,3.66,3.71,3.69,0.02,0.542,15729.6,5811.918
600168.SH,20240920,3.7,3.72,3.68,3.69,3.72,-0.03,-0.8065,16521.8,6113.031
600168.SH,20240919,3.64,3.74,3.64,3.72,3.64,0.08,2.1978,22566.61,8363.913
600168.SH,20240918,3.69,3.73,3.6,3.64,3.69,-0.05,-1.355,27251.0,9930.741
600168.SH,20240913,3.7,3.72,3.67,3.69,3.69,0.0,0.0,19838.6,7333.253
600168.SH,20240912,3.67,3.71,3.67,3.69,3.67,0.02,0.545,17262.8,6379.559
600168.SH,20240911,3.75,3.75,3.66,3.67,3.75,-0.08,-2.1333,27861.25,10284.486
600168.SH,20240910,3.76,3.78,3.7,3.75,3.75,0.0,0.0,20780.4,7750.29
600168.SH,20240909,3.74,3.75,3.69,3.75,3.74,0.01,0.2674,25261.4,9407.208
600168.SH,20240906,3.77,3.79,3.73,3.74,3.76,-0.02,-0.5319,20210.0,7597.906
600168.SH,20240905,3.74,3.77,3.74,3.76,3.73,0.03,0.8043,18941.2,7111.058
600168.SH,20240904,3.75,3.78,3.73,3.73,3.77,-0.04,-1.061,18792.0,7048.872
600168.SH,20240903,3.75,3.78,3.73,3.77,3.76,0.01,0.266,24868.2,9345.545
600168.SH,20240902,3.79,3.84,3.75,3.76,3.82,-0.06,-1.5707,28102.0,10675.654
600168.SH,20240830,3.76,3.85,3.75,3.82,3.76,0.06,1.5957,35792.2,13630.671
600168.SH,20240829,3.8,3.8,3.74,3.76,3.78,-0.02,-0.5291,20657.0,7768.654
600168.SH,20240828,3.74,3.79,3.73,3.78,3.75,0.03,0.8,20798.0,7819.054
600168.SH,20240827,3.78,3.8,3.73,3.75,3.81,-0.06,-1.5748,27878.22,10480.788
600168.SH,20240826,3.76,3.81,3.72,3.81,3.76,0.05,1.3298,23268.68,8769.795
600168.SH,20240823,3.82,3.82,3.74,3.76,3.81,-0.05,-1.3123,34006.0,12832.482
600168.SH,20240822,3.87,3.89,3.8,3.81,3.86,-0.05,-1.2953,29395.0,11281.073
600168.SH,20240821,3.91,3.92,3.85,3.86,3.9,-0.04,-1.0256,36188.8,14031.871
600168.SH,20240820,3.97,3.97,3.88,3.9,3.96,-0.06,-1.5152,34415.23,13450.127
600168.SH,20240819,3.94,3.97,3.91,3.96,3.95,0.01,0.2532,24396.8,9616.012
600168.SH,20240816,4.01,4.01,3.94,3.95,4.01,-0.06,-1.4963,35159.6,13952.574
600168.SH,20240815,3.99,4.02,3.96,4.01,3.99,0.02,0.5013,47490.4,18973.063
600168.SH,20240814,3.97,4.0,3.96,3.99,3.98,0.01,0.2513,42256.4,16832.542
600168.SH,20240813,3.94,3.98,3.9,3.98,3.94,0.04,1.0152,35885.6,14165.527
600168.SH,20240812,3.94,3.98,3.93,3.94,3.93,0.01,0.2545,38365.4,15188.745
600168.SH,20240809,3.94,3.96,3.92,3.93,3.94,-0.01,-0.2538,21255.4,8379.269
600168.SH,20240808,3.9,3.95,3.89,3.94,3.92,0.02,0.5102,31022.37,12171.45
600168.SH,20240807,3.93,3.94,3.91,3.92,3.94,-0.02,-0.5076,34810.8,13676.076
600168.SH,20240806,3.93,3.96,3.9,3.94,3.91,0.03,0.7673,34953.01,13721.052
600168.SH,20240805,3.98,4.0,3.91,3.91,3.98,-0.07,-1.7588,33588.4,13303.443
600168.SH,20240802,3.97,4.01,3.95,3.98,4.0,-0.02,-0.5,32634.0,13016.395
600168.SH,20240801,4.01,4.02,3.97,4.0,4.0,0.0,0.0,40654.0,16241.305
600168.SH,20240731,3.94,4.02,3.93,4.0,3.94,0.06,1.5228,55851.21,22254.736
600168.SH,20240730,3.92,3.95,3.9,3.94,3.91,0.03,0.7673,31604.2,12425.368
600168.SH,20240729,3.91,3.94,3.89,3.91,3.91,0.0,0.0,30505.2,11936.191
600168.SH,20240726,3.88,3.92,3.85,3.91,3.88,0.03,0.7732,31366.45,12247.717
600168.SH,20240725,3.86,3.92,3.85,3.88,3.88,0.0,0.0,34969.0,13581.573
600168.SH,20240724,3.81,3.94,3.81,3.88,3.83,0.05,1.3055,77360.0,29978.521
600168.SH,20240723,3.84,3.93,3.82,3.83,3.82,0.01,0.2618,48992.6,18939.358
600168.SH,20240722,3.86,3.86,3.81,3.82,3.84,-0.02,-0.5208,30587.2,11689.964
600168.SH,20240719,3.85,3.86,3.8,3.84,3.87,-0.03,-0.7752,33154.6,12701.311
600168.SH,20240718,3.86,3.88,3.81,3.87,3.89,-0.02,-0.5141,31002.8,11910.575
600168.SH,20240717,3.92,3.94,3.87,3.89,3.93,-0.04,-1.0178,37309.4,14502.942
600168.SH,20240716,3.97,3.97,3.9,3.93,3.94,-0.01,-0.2538,29568.8,11613.505
600168.SH,20240715,4.0,4.0,3.94,3.94,4.0,-0.06,-1.5,25822.6,10230.259
600168.SH,20240712,3.99,4.05,3.99,4.0,3.99,0.01,0.2506,36988.6,14865.206
600168.SH,20240711,3.9,3.99,3.9,3.99,3.85,0.14,3.6364,54521.0,21553.403
600168.SH,20240710,3.94,3.96,3.85,3.85,3.94,-0.09,-2.2843,45419.4,17692.931
600168.SH,20240709,3.89,3.95,3.81,3.94,3.9,0.04,1.0256,45517.0,17661.062
600168.SH,20240708,3.95,3.96,3.88,3.9,3.97,-0.07,-1.7632,35882.02,14018.017
600168.SH,20240705,3.93,3.98,3.91,3.97,3.95,0.02,0.5063,29761.0,11734.44
600168.SH,20240704,4.04,4.06,3.93,3.95,4.04,-0.09,-2.2277,31433.0,12527.933
600168.SH,20240703,4.05,4.1,4.03,4.04,4.05,-0.01,-0.2469,31952.62,12980.212
600168.SH,20240702,4.0,4.07,3.98,4.05,4.01,0.04,0.9975,39054.42,15770.513
600168.SH,20240701,3.92,4.01,3.91,4.01,3.92,0.09,2.2959,41935.2,16655.468
600168.SH,20240628,3.9,3.96,3.87,3.92,3.89,0.03,0.7712,40557.08,15932.412
600168.SH,20240627,3.98,4.0,3.88,3.89,3.99,-0.1,-2.5063,48304.8,18966.96
600168.SH,20240626,3.92,3.99,3.88,3.99,3.92,0.07,1.7857,39301.8,15492.218
600168.SH,20240625,3.88,3.95,3.87,3.92,3.88,0.04,1.0309,42645.0,16708.585
600168.SH,20240624,4.0,4.0,3.86,3.88,4.01,-0.13,-3.2419,61407.32,23997.554
600168.SH,20240621,3.99,4.07,3.96,4.01,4.01,0.0,0.0,38446.04,15499.687
600168.SH,20240620,4.18,4.18,3.99,4.01,4.17,-0.16,-3.8369,69978.82,28288.009
600168.SH,20240619,5.99,6.01,5.9,5.9,5.99,-0.09,-1.5025,55495.0,32961.15
600168.SH,20240618,5.99,6.03,5.92,5.99,6.01,-0.02,-0.3328,48509.0,28935.395
600168.SH,20240617,6.05,6.11,5.98,6.01,6.06,-0.05,-0.8251,44982.01,27175.254
600168.SH,20240614,6.05,6.11,6.01,6.06,6.02,0.04,0.6645,47166.01,28594.358
600168.SH,20240613,6.05,6.1,6.0,6.02,6.07,-0.05,-0.8237,39703.0,23980.194
600168.SH,20240612,6.02,6.09,6.02,6.07,6.06,0.01,0.165,25397.0,15394.182
600168.SH,20240611,6.12,6.13,6.0,6.06,6.13,-0.07,-1.1419,39651.01,23935.382
600168.SH,20240607,5.91,6.14,5.91,6.13,5.87,0.26,4.4293,69778.0,42071.945
600168.SH,20240606,6.06,6.08,5.84,5.87,6.05,-0.18,-2.9752,68047.51,40327.757
600168.SH,20240605,6.13,6.19,6.04,6.05,6.15,-0.1,-1.626,46497.06,28446.598
600168.SH,20240604,6.17,6.19,6.11,6.15,6.17,-0.02,-0.3241,48796.0,30031.474
600168.SH,20240603,6.32,6.33,6.11,6.17,6.32,-0.15,-2.3734,58901.0,36565.903
600168.SH,20240531,6.33,6.38,6.31,6.32,6.31,0.01,0.1585,33096.98,20981.055
600168.SH,20240530,6.36,6.42,6.29,6.31,6.37,-0.06,-0.9419,48476.0,30782.641
600168.SH,20240529,6.39,6.43,6.34,6.37,6.39,-0.02,-0.313,38057.0,24297.908
600168.SH,20240528,6.43,6.5,6.35,6.39,6.43,-0.04,-0.6221,48017.0,30794.72
600168.SH,20240527,6.39,6.44,6.35,6.43,6.37,0.06,0.9419,52498.0,33582.557
600168.SH,20240524,6.28,6.45,6.26,6.37,6.27,0.1,1.5949,74403.83,47441.847
600168.SH,20240523,6.41,6.41,6.26,6.27,6.41,-0.14,-2.1841,58724.01,37140.996
600168.SH,20240522,6.41,6.46,6.39,6.41,6.43,-0.02,-0.311,34620.83,22261.203
600168.SH,20240521,6.45,6.49,6.41,6.43,6.46,-0.03,-0.4644,49695.0,32042.496
600168.SH,20240520,6.43,6.47,6.38,6.46,6.4,0.06,0.9375,68601.72,44109.166
600168.SH,20240517,6.35,6.46,6.31,6.4,6.36,0.04,0.6289,56970.0,36301.568
600168.SH,20240516,6.42,6.45,6.3,6.36,6.41,-0.05,-0.78,59323.0,37900.504
600168.SH,20240515,6.58,6.6,6.39,6.41,6.58,-0.17,-2.5836,111673.83,72234.983
600168.SH,20240514,6.52,6.63,6.47,6.58,6.59,-0.01,-0.1517,105578.83,69257.41
600168.SH,20240513,6.51,6.65,6.44,6.59,6.37,0.22,3.4537,218555.71,143215.35
600168.SH,20240510,6.33,6.39,6.28,6.37,6.31,0.06,0.9509,72154.79,45768.068
600168.SH,20240509,6.25,6.35,6.25,6.31,6.26,0.05,0.7987,47515.96,29980.391
600168.SH,20240508,6.31,6.31,6.26,6.26,6.31,-0.05,-0.7924,43661.0,27430.0
600168.SH,20240507,6.31,6.34,6.27,6.31,6.31,0.0,0.0,48577.0,30599.231
600168.SH,20240506,6.23,6.32,6.21,6.31,6.2,0.11,1.7742,85165.0,53490.071
600168.SH,20240430,6.18,6.24,6.14,6.2,6.19,0.01,0.1616,63832.16,39473.024
600168.SH,20240429,6.14,6.2,6.11,6.19,6.12,0.07,1.1438,69140.0,42620.501
600168.SH,20240426,6.06,6.14,6.0,6.12,5.94,0.18,3.0303,98183.58,59715.769
600168.SH,20240425,5.95,5.98,5.91,5.94,5.95,-0.01,-0.1681,31621.0,18800.33
600168.SH,20240424,6.02,6.04,5.87,5.95,6.02,-0.07,-1.1628,57422.16,34039.401
600168.SH,20240423,6.02,6.05,6.01,6.02,6.02,0.0,0.0,27051.16,16298.988
600168.SH,20240422,6.09,6.13,6.01,6.02,6.09,-0.07,-1.1494,51137.0,30922.701
600168.SH,20240419,6.04,6.1,5.98,6.09,6.04,0.05,0.8278,63661.97,38599.98
600168.SH,20240418,6.03,6.14,6.02,6.04,6.01,0.03,0.4992,80820.52,49092.596
600168.SH,20240417,5.85,6.01,5.85,6.01,5.72,0.29,5.0699,86395.78,51477.163
600168.SH,20240416,6.06,6.06,5.72,5.72,6.04,-0.32,-5.298,86833.0,50908.404
600168.SH,20240415,6.05,6.1,5.89,6.04,6.05,-0.01,-0.1653,96834.63,58383.001
600168.SH,20240412,6.14,6.17,6.03,6.05,6.15,-0.1,-1.626,66908.49,40804.132
600168.SH,20240411,6.14,6.23,6.12,6.15,6.14,0.01,0.1629,69830.98,43198.155
600168.SH,20240410,6.25,6.26,6.11,6.14,6.22,-0.08,-1.2862,60179.3,37086.383
600168.SH,20240409,6.2,6.23,6.15,6.22,6.2,0.02,0.3226,60692.39,37532.701
600168.SH,20240408,6.34,6.35,6.19,6.2,6.38,-0.18,-2.8213,108709.68,67977.735
600168.SH,20240403,6.18,6.4,6.13,6.38,6.15,0.23,3.7398,167620.62,106018.417
600168.SH,20240402,6.12,6.22,6.08,6.15,6.1,0.05,0.8197,83068.9,51141.339
600168.SH,20240401,6.14,6.16,6.03,6.1,6.1,0.0,0.0,100523.17,61225.393
600168.SH,20240329,6.1,6.17,6.01,6.1,6.19,-0.09,-1.454,140151.33,85383.011
600168.SH,20240328,5.95,6.3,5.89,6.19,5.79,0.4,6.9085,255669.68,154332.054
600168.SH,20240327,5.77,5.81,5.69,5.79,5.78,0.01,0.173,48177.58,27751.979
600168.SH,20240326,5.76,5.8,5.71,5.78,5.78,0.0,0.0,44569.68,25619.173
600168.SH,20240325,5.77,5.86,5.76,5.78,5.78,0.0,0.0,54072.0,31452.665
600168.SH,20240322,5.84,5.85,5.74,5.78,5.86,-0.08,-1.3652,45343.0,26243.591
600168.SH,20240321,5.86,5.9,5.81,5.86,5.84,0.02,0.3425,48569.0,28433.399
600168.SH,20240320,5.81,5.84,5.78,5.84,5.79,0.05,0.8636,36454.06,21197.64
600168.SH,20240319,5.85,5.86,5.79,5.79,5.85,-0.06,-1.0256,40935.0,23830.496
600168.SH,20240318,5.8,5.85,5.79,5.85,5.81,0.04,0.6885,48687.64,28349.864
600168.SH,20240315,5.77,5.82,5.73,5.81,5.77,0.04,0.6932,48964.1,28296.496
600168.SH,20240314,5.76,5.83,5.71,5.77,5.76,0.01,0.1736,56357.84,32514.919
600168.SH,20240313,5.8,5.8,5.74,5.76,5.81,-0.05,-0.8606,35409.0,20403.674
600168.SH,20240312,5.83,5.83,5.75,5.81,5.83,-0.02,-0.3431,46367.1,26837.488
600168.SH,20240311,5.72,5.85,5.67,5.83,5.78,0.05,0.8651,59487.81,34415.56
600168.SH,20240308,5.66,5.9,5.62,5.78,5.67,0.11,1.94,75320.37,43390.499
600168.SH,20240307,5.65,5.72,5.63,5.67,5.65,0.02,0.354,40211.35,22852.761
600168.SH,20240306,5.61,5.69,5.6,5.65,5.63,0.02,0.3552,28472.35,16105.089
600168.SH,20240305,5.68,5.68,5.62,5.63,5.69,-0.06,-1.0545,34140.29,19250.032
600168.SH,20240304,5.74,5.74,5.64,5.69,5.73,-0.04,-0.6981,40028.96,22746.293
600168.SH,20240301,5.72,5.76,5.67,5.73,5.73,0.0,0.0,49424.08,28248.539
600168.SH,20240229,5.6,5.74,5.57,5.73,5.65,0.08,1.4159,82490.19,46796.993
600168.SH,20240228,5.77,6.07,5.65,5.65,5.76,-0.11,-1.9097,149791.34,87416.817
600168.SH,20240227,5.63,5.77,5.62,5.76,5.65,0.11,1.9469,58705.03,33483.371
600168.SH,20240226,5.61,5.73,5.6,5.65,5.64,0.01,0.1773,78198.31,44250.005
600168.SH,20240223,5.61,5.65,5.54,5.64,5.59,0.05,0.8945,70666.78,39537.531
600168.SH,20240222,5.53,5.62,5.51,5.59,5.57,0.02,0.3591,54228.61,30257.865
600168.SH,20240221,5.54,5.68,5.49,5.57,5.56,0.01,0.1799,74396.16,41732.27
600168.SH,20240220,5.56,5.57,5.47,5.56,5.58,-0.02,-0.3584,44482.56,24585.607
600168.SH,20240219,5.57,5.63,5.48,5.58,5.48,0.1,1.8248,92086.24,51069.315
600168.SH,20240208,5.25,5.5,5.25,5.48,5.26,0.22,4.1825,88842.67,48014.766
600168.SH,20240207,5.27,5.33,5.08,5.26,5.27,-0.01,-0.1898,83701.0,43766.316
600168.SH,20240206,5.01,5.35,4.81,5.27,5.01,0.26,5.1896,104211.39,52609.403
600168.SH,20240205,5.26,5.28,4.88,5.01,5.34,-0.33,-6.1798,109260.57,54602.689
600168.SH,20240202,5.64,5.69,5.2,5.34,5.63,-0.29,-5.151,105659.13,57458.504
600168.SH,20240201,5.72,5.77,5.58,5.63,5.78,-0.15,-2.5952,69650.0,39528.011
600168.SH,20240131,5.85,5.98,5.76,5.78,5.92,-0.14,-2.3649,71645.01,42053.136
600168.SH,20240130,5.93,6.08,5.92,5.92,5.96,-0.04,-0.6711,59550.16,35678.766
600168.SH,20240129,6.1,6.16,5.94,5.96,6.09,-0.13,-2.1346,55378.86,33368.27
600168.SH,20240126,5.98,6.15,5.97,6.09,6.02,0.07,1.1628,79482.38,48410.654
600168.SH,20240125,5.81,6.02,5.8,6.02,5.81,0.21,3.6145,87395.0,51794.476
600168.SH,20240124,5.72,5.82,5.61,5.81,5.72,0.09,1.5734,74892.97,42921.283
600168.SH,20240123,5.62,5.83,5.53,5.72,5.62,0.1,1.7794,71358.65,40420.663
600168.SH,20240122,5.93,5.95,5.58,5.62,5.96,-0.34,-5.7047,85771.29,49555.506
600168.SH,20240119,6.0,6.09,5.95,5.96,6.03,-0.07,-1.1609,62934.01,37797.4
600168.SH,20240118,6.11,6.12,5.88,6.03,6.11,-0.08,-1.3093,109701.98,65611.354
600168.SH,20240117,6.25,6.29,6.1,6.11,6.28,-0.17,-2.707,63391.98,39318.63
600168.SH,20240116,6.35,6.42,6.18,6.28,6.37,-0.09,-1.4129,92273.48,57916.366
600168.SH,20240115,6.43,6.5,6.33,6.37,6.48,-0.11,-1.6975,88394.01,56414.224
600168.SH,20240112,6.54,6.7,6.44,6.48,6.38,0.1,1.5674,163213.95,107238.24
600168.SH,20240111,6.29,6.39,6.26,6.38,6.29,0.09,1.4308,64496.96,40950.807
600168.SH,20240110,6.43,6.43,6.29,6.29,6.46,-0.17,-2.6316,86073.96,54510.27
600168.SH,20240109,6.43,6.53,6.36,6.46,6.43,0.03,0.4666,82344.0,53106.789
600168.SH,20240108,6.55,6.6,6.4,6.43,6.6,-0.17,-2.5758,105756.89,68691.368
600168.SH,20240105,6.63,6.79,6.54,6.6,6.66,-0.06,-0.9009,146000.17,97369.834
600168.SH,20240104,6.77,6.81,6.6,6.66,6.81,-0.15,-2.2026,138568.02,92569.608
600168.SH,20240103,6.71,6.82,6.66,6.81,6.74,0.07,1.0386,172219.01,116214.11
600168.SH,20240102,6.76,6.9,6.71,6.74,6.77,-0.03,-0.4431,195500.84,132889.54
600168.SH,20231229,6.56,6.95,6.54,6.77,6.61,0.16,2.4206,261576.23,177489.76
600168.SH,20231228,6.66,6.74,6.54,6.61,6.7,-0.09,-1.3433,207715.83,137652.48
600168.SH,20231227,6.56,6.84,6.45,6.7,6.67,0.03,0.4498,329651.75,218809.618
600168.SH,20231226,6.38,6.7,6.23,6.67,6.43,0.24,3.7325,337594.81,220061.933
600168.SH,20231225,6.31,6.5,6.27,6.43,6.44,-0.01,-0.1553,184639.52,117574.443
600168.SH,20231222,6.57,6.59,6.36,6.44,6.57,-0.13,-1.9787,191517.0,123498.694
600168.SH,20231221,6.51,6.63,6.4,6.57,6.68,-0.11,-1.6467,288011.5,188055.176
600168.SH,20231220,6.29,6.93,6.25,6.68,6.3,0.38,6.0317,468322.62,312194.454
600168.SH,20231219,6.45,6.5,6.23,6.3,6.41,-0.11,-1.7161,163549.5,102902.161
600168.SH,20231218,6.58,6.59,6.38,6.41,6.59,-0.18,-2.7314,201986.23,130351.102
600168.SH,20231215,6.55,6.67,6.49,6.59,6.73,-0.14,-2.0802,324010.07,212957.014
600168.SH,20231214,6.36,7.0,6.33,6.73,6.42,0.31,4.8287,527837.88,352416.186
600168.SH,20231213,6.12,6.74,6.11,6.42,6.13,0.29,4.7308,340372.2,219947.394
600168.SH,20231212,6.07,6.14,6.04,6.13,6.08,0.05,0.8224,29940.5,18227.066
600168.SH,20231211,6.0,6.1,5.96,6.08,6.03,0.05,0.8292,47078.0,28336.143
600168.SH,20231208,6.14,6.16,6.02,6.03,6.12,-0.09,-1.4706,41956.97,25557.927
600168.SH,20231207,6.13,6.15,6.09,6.12,6.12,0.0,0.0,34523.12,21134.427
600168.SH,20231206,6.08,6.15,6.08,6.12,6.11,0.01,0.1637,22716.0,13892.716
600168.SH,20231205,6.2,6.2,6.1,6.11,6.2,-0.09,-1.4516,28608.88,17598.871
600168.SH,20231204,6.17,6.21,6.11,6.2,6.15,0.05,0.813,45209.0,27834.925
600168.SH,20231201,6.11,6.18,6.11,6.15,6.12,0.03,0.4902,27387.0,16841.783
600168.SH,20231130,6.13,6.15,6.08,6.12,6.14,-0.02,-0.3257,27757.0,16977.52
600168.SH,20231129,6.16,6.2,6.12,6.14,6.18,-0.04,-0.6472,31858.0,19615.063
600168.SH,20231128,6.13,6.18,6.1,6.18,6.15,0.03,0.4878,40409.6,24849.854
600168.SH,20231127,6.19,6.2,6.12,6.15,6.19,-0.04,-0.6462,37867.0,23276.933
600168.SH,20231124,6.22,6.23,6.18,6.19,6.21,-0.02,-0.3221,32659.0,20255.982
600168.SH,20231123,6.22,6.23,6.18,6.21,6.19,0.02,0.3231,26726.0,16580.007
600168.SH,20231122,6.16,6.25,6.15,6.19,6.17,0.02,0.3241,44058.0,27322.67
600168.SH,20231121,6.19,6.2,6.15,6.17,6.19,-0.02,-0.3231,43031.0,26584.726
600168.SH,20231120,6.17,6.22,6.15,6.19,6.16,0.03,0.487,36655.0,22712.831
600168.SH,20231117,6.14,6.16,6.11,6.16,6.14,0.02,0.3257,26254.64,16130.929
600168.SH,20231116,6.16,6.17,6.13,6.14,6.15,-0.01,-0.1626,31005.0,19057.443
600168.SH,20231115,6.16,6.23,6.14,6.15,6.16,-0.01,-0.1623,45999.64,28360.409
600168.SH,20231114,6.21,6.26,6.16,6.16,6.22,-0.06,-0.9646,54016.0,33445.476
600168.SH,20231113,6.1,6.23,6.1,6.22,6.13,0.09,1.4682,86939.06,53785.481
600168.SH,20231110,6.06,6.15,6.0,6.13,6.05,0.08,1.3223,94824.99,57693.269
600168.SH,20231109,6.04,6.1,6.02,6.05,6.05,0.0,0.0,47618.47,28842.169
600168.SH,20231108,6.06,6.08,6.02,6.05,6.05,0.0,0.0,42116.0,25436.042
600168.SH,20231107,6.03,6.06,6.0,6.05,6.04,0.01,0.1656,52650.0,31754.565
600168.SH,20231106,5.99,6.06,5.96,6.04,5.97,0.07,1.1725,82845.0,49695.253
600168.SH,20231103,5.96,6.04,5.96,5.97,5.97,0.0,0.0,69052.37,41438.992
600168.SH,20231102,6.05,6.06,5.97,5.97,6.06,-0.09,-1.4851,69267.0,41607.033
600168.SH,20231101,6.09,6.15,6.04,6.06,6.07,-0.01,-0.1647,70593.89,42903.676
600168.SH,20231031,6.03,6.1,6.03,6.07,6.05,0.02,0.3306,84905.0,51568.673
600168.SH,20231030,6.05,6.11,6.03,6.05,6.15,-0.1,-1.626,122737.62,74340.41
600168.SH,20231027,6.33,6.38,5.82,6.15,6.45,-0.3,-4.6512,220781.64,133752.789
600168.SH,20231026,6.4,6.47,6.32,6.45,6.4,0.05,0.7813,50179.0,32171.022
600168.SH,20231025,6.24,6.44,6.23,6.4,6.18,0.22,3.5599,69306.88,44187.277
600168.SH,20231024,5.98,6.18,5.97,6.18,6.0,0.18,3.0,38236.0,23343.967
600168.SH,20231023,6.16,6.16,5.98,6.0,6.16,-0.16,-2.5974,41188.0,24907.588
600168.SH,20231020,6.14,6.3,6.14,6.16,6.16,0.0,0.0,34368.56,21307.587
600168.SH,20231019,6.23,6.25,6.1,6.16,6.15,0.01,0.1626,35422.0,21879.233
600168.SH,20231018,6.28,6.32,6.14,6.15,6.28,-0.13,-2.0701,24216.0,15006.084
600168.SH,20231017,6.27,6.34,6.25,6.28,6.26,0.02,0.3195,31965.13,20158.582
600168.SH,20231016,6.25,6.28,6.19,6.26,6.23,0.03,0.4815,36632.96,22869.078
600168.SH,20231013,6.28,6.34,6.22,6.23,6.29,-0.06,-0.9539,30668.0,19235.602
600168.SH,20231012,6.28,6.32,6.26,6.29,6.26,0.03,0.4792,26655.0,16779.826
600168.SH,20231011,6.29,6.31,6.24,6.26,6.29,-0.03,-0.4769,30539.0,19152.06
600168.SH,20231010,6.31,6.35,6.26,6.29,6.31,-0.02,-0.317,35684.31,22492.889
600168.SH,20231009,6.42,6.44,6.26,6.31,6.42,-0.11,-1.7134,50746.31,32069.872
600168.SH,20230928,6.47,6.49,6.39,6.42,6.44,-0.02,-0.3106,31309.0,20135.596
600168.SH,20230927,6.57,6.57,6.41,6.44,6.56,-0.12,-1.8293,34438.0,22249.856
600168.SH,20230926,6.49,6.59,6.46,6.56,6.49,0.07,1.0786,36264.48,23680.445
600168.SH,20230925,6.55,6.6,6.48,6.49,6.54,-0.05,-0.7645,27033.0,17637.082
600168.SH,20230922,6.51,6.62,6.47,6.54,6.52,0.02,0.3067,51511.0,33775.825
600168.SH,20230921,6.58,6.65,6.5,6.52,6.59,-0.07,-1.0622,30015.0,19641.115
600168.SH,20230920,6.59,6.65,6.56,6.59,6.57,0.02,0.3044,39342.96,26016.444
600168.SH,20230919,6.61,6.62,6.52,6.57,6.57,0.0,0.0,28839.0,18970.015
600168.SH,20230918,6.58,6.58,6.5,6.57,6.62,-0.05,-0.7553,33675.01,22066.012
600168.SH,20230915,6.64,6.65,6.58,6.62,6.63,-0.01,-0.1508,36550.0,24144.131
600168.SH,20230914,6.62,6.66,6.55,6.63,6.59,0.04,0.607,50046.0,33141.773
600168.SH,20230913,6.58,6.59,6.51,6.59,6.57,0.02,0.3044,41873.04,27461.648
600168.SH,20230912,6.45,6.6,6.45,6.57,6.51,0.06,0.9217,48785.51,31971.112
600168.SH,20230911,6.41,6.52,6.37,6.51,6.41,0.1,1.5601,47666.7,30871.397
600168.SH,20230908,6.33,6.43,6.32,6.41,6.37,0.04,0.6279,23814.0,15214.765
600168.SH,20230907,6.46,6.46,6.37,6.37,6.44,-0.07,-1.087,29868.66,19164.241
600168.SH,20230906,6.43,6.48,6.39,6.44,6.45,-0.01,-0.155,28655.0,18440.09
600168.SH,20230905,6.41,6.48,6.37,6.45,6.41,0.04,0.624,61879.0,39820.519
600168.SH,20230904,6.29,6.43,6.29,6.41,6.28,0.13,2.0701,61725.01,39374.213
600168.SH,20230901,6.4,6.43,6.25,6.28,6.36,-0.08,-1.2579,83607.02,52922.568
600168.SH,20230831,6.42,6.5,6.36,6.36,6.48,-0.12,-1.8519,66830.02,42855.001
600168.SH,20230830,6.64,6.65,6.47,6.48,6.66,-0.18,-2.7027,96305.0,62757.276
600168.SH,20230829,6.75,6.77,6.54,6.66,6.61,0.05,0.7564,126367.4,83818.626
600168.SH,20230828,6.8,6.85,6.61,6.61,6.53,0.08,1.2251,162892.13,109175.793
600168.SH,20230825,6.44,6.62,6.42,6.53,6.43,0.1,1.5552,90710.36,59365.918
600168.SH,20230824,6.41,6.48,6.36,6.43,6.43,0.0,0.0,53031.38,33981.801
600168.SH,20230823,6.43,6.51,6.36,6.43,6.44,-0.01,-0.1553,60670.02,39122.524
600168.SH,20230822,6.53,6.54,6.35,6.44,6.52,-0.08,-1.227,83358.01,53463.285
600168.SH,20230821,6.42,6.63,6.4,6.52,6.42,0.1,1.5576,113746.17,74224.448
600168.SH,20230818,6.42,6.5,6.39,6.42,6.42,0.0,0.0,39705.66,25595.647
600168.SH,20230817,6.35,6.42,6.32,6.42,6.36,0.06,0.9434,25881.0,16470.856
600168.SH,20230816,6.37,6.39,6.3,6.36,6.36,0.0,0.0,24390.0,15476.526
600168.SH,20230815,6.37,6.4,6.31,6.36,6.36,0.0,0.0,23285.0,14799.864
600168.SH,20230814,6.29,6.37,6.25,6.36,6.32,0.04,0.6329,34605.0,21866.681
600168.SH,20230811,6.43,6.45,6.31,6.32,6.43,-0.11,-1.7107,24318.75,15501.334
600168.SH,20230810,6.34,6.45,6.34,6.43,6.37,0.06,0.9419,21792.87,13954.261
600168.SH,20230809,6.41,6.42,6.35,6.37,6.42,-0.05,-0.7788,20219.01,12892.209
600168.SH,20230808,6.39,6.44,6.36,6.42,6.4,0.02,0.3125,27785.0,17833.254
600168.SH,20230807,6.45,6.46,6.35,6.4,6.42,-0.02,-0.3115,33377.41,21357.478
600168.SH,20230804,6.44,6.49,6.42,6.42,6.46,-0.04,-0.6192,35323.36,22792.495
600168.SH,20230803,6.46,6.47,6.4,6.46,6.46,0.0,0.0,23396.3,15064.235
600168.SH,20230802,6.42,6.49,6.38,6.46,6.42,0.04,0.6231,45315.45,29262.997
600168.SH,20230801,6.41,6.44,6.39,6.42,6.4,0.02,0.3125,38811.0,24888.939
600168.SH,20230731,6.38,6.42,6.35,6.4,6.37,0.03,0.471,43512.76,27782.813
600168.SH,20230728,6.39,6.4,6.33,6.37,6.37,0.0,0.0,31309.0,19950.313
600168.SH,20230727,6.41,6.41,6.35,6.37,6.38,-0.01,-0.1567,24398.01,15557.215
600168.SH,20230726,6.34,6.4,6.27,6.38,6.34,0.04,0.6309,40050.0,25516.548
600168.SH,20230725,6.33,6.37,6.3,6.34,6.32,0.02,0.3165,28504.0,18046.606
600168.SH,20230724,6.26,6.38,6.24,6.32,6.27,0.05,0.7974,38721.01,24458.4
600168.SH,20230721,6.22,6.31,6.22,6.27,6.26,0.01,0.1597,38271.0,24004.477
600168.SH,20230720,6.3,6.38,6.24,6.26,6.35,-0.09,-1.4173,56772.11,35750.52
600168.SH,20230719,6.3,6.39,6.25,6.35,6.36,-0.01,-0.1572,63617.38,40297.694
600168.SH,20230718,6.29,6.37,6.23,6.36,6.29,0.07,1.1129,103956.98,65695.768
600168.SH,20230717,6.19,6.3,6.16,6.29,6.1,0.19,3.1148,133999.3,83787.07
600168.SH,20230714,6.09,6.13,6.06,6.1,6.08,0.02,0.3289,29528.19,17989.624
600168.SH,20230713,6.06,6.17,6.06,6.08,6.07,0.01,0.1647,32278.19,19671.557
600168.SH,20230712,6.13,6.13,6.06,6.07,6.11,-0.04,-0.6547,12708.0,7724.175
600168.SH,20230711,6.11,6.12,6.08,6.11,6.11,0.0,0.0,13961.21,8520.739
600168.SH,20230710,6.06,6.12,6.06,6.11,6.07,0.04,0.659,17648.92,10747.57
600168.SH,20230707,6.02,6.1,6.01,6.07,6.04,0.03,0.4967,22992.33,13936.74
600168.SH,20230706,6.04,6.08,6.0,6.04,6.07,-0.03,-0.4942,20705.83,12490.251
600168.SH,20230705,6.09,6.09,6.04,6.07,6.08,-0.01,-0.1645,18158.66,11012.14
600168.SH,20230704,6.08,6.12,6.01,6.08,6.06,0.02,0.33,22415.5,13588.683
600168.SH,20230703,6.0,6.07,6.0,6.06,6.01,0.05,0.8319,22661.01,13686.019
600168.SH,20230630,5.97,6.04,5.93,6.01,5.95,0.06,1.0084,33245.83,19913.048
600168.SH,20230629,5.97,5.97,5.92,5.95,5.93,0.02,0.3373,18962.0,11282.584
600168.SH,20230628,5.92,5.95,5.91,5.93,5.93,0.0,0.0,11842.89,7024.202
600168.SH,20230627,5.87,5.94,5.86,5.93,5.87,0.06,1.0221,11366.76,6725.015
600168.SH,20230626,5.87,5.92,5.86,5.87,5.88,-0.01,-0.1701,12784.0,7511.638
600168.SH,20230621,5.88,5.91,5.87,5.88,5.89,-0.01,-0.1698,9542.0,5621.241
600168.SH,20230620,5.91,5.91,5.88,5.89,5.91,-0.02,-0.3384,10214.0,6024.114
600168.SH,20230619,5.97,5.97,5.9,5.91,5.97,-0.06,-1.005,11184.0,6624.613
600168.SH,20230616,5.95,5.97,5.92,5.97,5.94,0.03,0.5051,18265.42,10865.371
600168.SH,20230615,5.91,5.97,5.89,5.94,5.93,0.01,0.1686,14332.8,8493.038
600168.SH,20230614,5.93,5.93,5.9,5.93,5.93,0.0,0.0,9258.0,5479.27
600168.SH,20230613,5.91,5.93,5.89,5.93,5.93,0.0,0.0,13422.0,7932.054
600168.SH,20230612,5.93,5.94,5.88,5.93,5.93,0.0,0.0,20730.0,12240.867
600168.SH,20230609,5.95,5.95,5.9,5.93,5.95,-0.02,-0.3361,13017.45,7703.813
600168.SH,20230608,5.91,5.95,5.89,5.95,5.91,0.04,0.6768,14524.5,8592.92
600168.SH,20230607,5.91,5.94,5.9,5.91,5.92,-0.01,-0.1689,18583.18,10986.919
600168.SH,20230606,6.02,6.03,5.91,5.92,6.03,-0.11,-1.8242,32083.0,19112.319
600168.SH,20230605,6.03,6.04,6.0,6.03,6.02,0.01,0.1661,19884.0,11975.45
600168.SH,20230602,6.05,6.05,6.01,6.02,6.02,0.0,0.0,27840.65,16777.691
600168.SH,20230601,6.06,6.07,6.01,6.02,6.08,-0.06,-0.9868,27614.0,16661.632
600168.SH,20230531,6.19,6.22,6.07,6.08,6.22,-0.14,-2.2508,34009.51,20809.134
600168.SH,20230530,6.22,6.24,6.14,6.22,6.19,0.03,0.4847,42450.0,26318.354
600168.SH,20230529,6.1,6.22,6.07,6.19,6.09,0.1,1.642,57680.68,35622.765
600168.SH,20230526,6.13,6.23,6.06,6.09,6.03,0.06,0.995,45289.05,27800.54
600168.SH,20230525,6.04,6.07,5.97,6.03,6.03,0.0,0.0,19445.0,11696.566
600168.SH,20230524,6.06,6.11,6.01,6.03,6.06,-0.03,-0.495,16478.0,9983.334
600168.SH,20230523,6.16,6.16,6.06,6.06,6.14,-0.08,-1.3029,18706.36,11412.667
600168.SH,20230522,6.13,6.19,6.13,6.14,6.13,0.01,0.1631,18080.0,11128.678
600168.SH,20230519,6.14,6.19,6.12,6.13,6.17,-0.04,-0.6483,18926.0,11639.966
600168.SH,20230518,6.18,6.22,6.15,6.17,6.2,-0.03,-0.4839,17847.0,11020.28
600168.SH,20230517,6.18,6.2,6.14,6.2,6.18,0.02,0.3236,22583.0,13966.857
600168.SH,20230516,6.23,6.23,6.16,6.18,6.2,-0.02,-0.3226,17401.0,10758.622
600168.SH,20230515,6.2,6.23,6.13,6.2,6.19,0.01,0.1616,26907.78,16650.856
600168.SH,20230512,6.19,6.22,6.17,6.19,6.19,0.0,0.0,32114.12,19896.923
600168.SH,20230511,6.17,6.2,6.15,6.19,6.16,0.03,0.487,19497.17,12060.415
600168.SH,20230510,6.15,6.18,6.12,6.16,6.14,0.02,0.3257,23773.2,14640.54
600168.SH,20230509,6.16,6.2,6.13,6.14,6.14,0.0,0.0,44989.98,27750.247
600168.SH,20230508,6.1,6.15,6.09,6.14,6.09,0.05,0.821,26693.99,16363.514
600168.SH,20230505,6.08,6.12,6.06,6.09,6.08,0.01,0.1645,22079.93,13442.308
600168.SH,20230504,5.97,6.1,5.94,6.08,6.07,0.01,0.1647,34489.0,20890.916
600168.SH,20230428,5.99,6.07,5.96,6.07,5.96,0.11,1.8456,22448.98,13526.777
600168.SH,20230427,5.91,5.99,5.91,5.96,5.97,-0.01,-0.1675,15979.0,9539.579
600168.SH,20230426,5.87,5.98,5.87,5.97,5.95,0.02,0.3361,11794.0,7007.39
600168.SH,20230425,5.95,6.02,5.9,5.95,5.95,0.0,0.0,19030.6,11299.947
600168.SH,20230424,5.98,6.0,5.92,5.95,5.99,-0.04,-0.6678,17867.78,10628.974
600168.SH,20230421,6.04,6.06,5.95,5.99,6.03,-0.04,-0.6633,28358.36,17024.229
600168.SH,20230420,6.03,6.04,5.98,6.03,6.05,-0.02,-0.3306,25422.52,15266.677
600168.SH,20230419,6.08,6.09,6.04,6.05,6.09,-0.04,-0.6568,16829.0,10206.323
600168.SH,20230418,6.13,6.14,6.06,6.09,6.1,-0.01,-0.1639,17137.33,10439.062
600168.SH,20230417,6.04,6.1,6.04,6.1,6.05,0.05,0.8264,17190.69,10458.641
600168.SH,20230414,6.11,6.11,6.04,6.05,6.07,-0.02,-0.3295,17105.0,10380.409
600168.SH,20230413,6.09,6.11,6.06,6.07,6.09,-0.02,-0.3284,16464.5,10021.648
600168.SH,20230412,6.02,6.1,6.01,6.09,6.02,0.07,1.1628,20508.5,12418.384
600168.SH,20230411,6.05,6.05,5.99,6.02,6.07,-0.05,-0.8237,21523.0,12950.861
600168.SH,20230410,6.08,6.12,6.05,6.07,6.09,-0.02,-0.3284,13131.0,7981.295
600168.SH,20230407,6.05,6.09,6.04,6.09,6.04,0.05,0.8278,16230.0,9850.043
600168.SH,20230406,6.08,6.09,6.03,6.04,6.09,-0.05,-0.821,17641.85,10668.594
600168.SH,20230404,6.12,6.12,6.08,6.09,6.11,-0.02,-0.3273,17046.21,10396.207
600168.SH,20230403,6.06,6.12,6.06,6.11,6.08,0.03,0.4934,12758.02,7786.767
600168.SH,20230331,6.07,6.1,6.04,6.08,6.04,0.04,0.6623,19220.85,11659.486
600168.SH,20230330,6.07,6.09,6.01,6.04,6.09,-0.05,-0.821,17948.0,10848.991
600168.SH,20230329,6.12,6.13,6.04,6.09,6.11,-0.02,-0.3273,20085.06,12206.173
600168.SH,20230328,6.11,6.17,6.11,6.11,6.11,0.0,0.0,15842.99,9714.48
600168.SH,20230327,6.19,6.21,6.09,6.11,6.19,-0.08,-1.2924,29044.99,17822.78
600168.SH,20230324,6.22,6.24,6.16,6.19,6.2,-0.01,-0.1613,24959.02,15471.619
600168.SH,20230323,6.2,6.24,6.18,6.2,6.2,0.0,0.0,21360.0,13229.282
600168.SH,20230322,6.17,6.21,6.17,6.2,6.18,0.02,0.3236,18998.01,11758.592
600168.SH,20230321,6.18,6.18,6.14,6.18,6.16,0.02,0.3247,20917.23,12888.511
600168.SH,20230320,6.22,6.24,6.13,6.16,6.24,-0.08,-1.2821,26803.84,16561.007
600168.SH,20230317,6.23,6.28,6.21,6.24,6.2,0.04,0.6452,19383.0,12116.096
600168.SH,20230316,6.27,6.29,6.19,6.2,6.3,-0.1,-1.5873,19028.0,11864.311
600168.SH,20230315,6.19,6.3,6.19,6.3,6.18,0.12,1.9417,29057.61,18176.996
600168.SH,20230314,6.26,6.26,6.12,6.18,6.25,-0.07,-1.12,29920.61,18500.591
600168.SH,20230313,6.29,6.31,6.21,6.25,6.32,-0.07,-1.1076,40812.0,25479.639
600168.SH,20230310,6.37,6.39,6.28,6.32,6.41,-0.09,-1.4041,39537.0,25017.471
600168.SH,20230309,6.36,6.46,6.3,6.41,6.32,0.09,1.4241,64573.06,41220.141
600168.SH,20230308,6.27,6.33,6.27,6.32,6.29,0.03,0.4769,23639.0,14887.457
600168.SH,20230307,6.39,6.4,6.28,6.29,6.38,-0.09,-1.4107,37437.8,23747.18
600168.SH,20230306,6.36,6.39,6.35,6.38,6.35,0.03,0.4724,34222.61,21805.178
600168.SH,20230303,6.35,6.38,6.29,6.35,6.36,-0.01,-0.1572,43974.63,27877.821
600168.SH,20230302,6.33,6.39,6.32,6.36,6.34,0.02,0.3155,42574.0,27108.116
600168.SH,20230301,6.36,6.36,6.29,6.34,6.36,-0.02,-0.3145,37026.0,23424.372
600168.SH,20230228,6.27,6.36,6.27,6.36,6.28,0.08,1.2739,30365.89,19142.187
600168.SH,20230227,6.33,6.35,6.28,6.28,6.35,-0.07,-1.1024,24027.66,15139.775
600168.SH,20230224,6.33,6.35,6.27,6.35,6.33,0.02,0.316,32539.0,20540.385
600168.SH,20230223,6.44,6.44,6.31,6.33,6.4,-0.07,-1.0938,55584.25,35316.52
600168.SH,20230222,6.4,6.43,6.37,6.4,6.46,-0.06,-0.9288,45678.54,29216.296
600168.SH,20230221,6.47,6.47,6.36,6.46,6.47,-0.01,-0.1546,71641.87,45949.379
600168.SH,20230220,6.34,6.47,6.33,6.47,6.44,0.03,0.4658,88765.65,56847.942
600168.SH,20230217,6.28,6.51,6.24,6.44,6.39,0.05,0.7825,161880.15,102957.604
600168.SH,20230216,6.24,6.8,6.22,6.39,6.22,0.17,2.7331,202530.83,130393.144
600168.SH,20230215,6.23,6.27,6.2,6.22,6.24,-0.02,-0.3205,25475.02,15885.142
600168.SH,20230214,6.23,6.25,6.22,6.24,6.23,0.01,0.1605,22473.02,14020.42
600168.SH,20230213,6.23,6.25,6.19,6.23,6.22,0.01,0.1608,26885.0,16738.104
600168.SH,20230210,6.2,6.23,6.18,6.22,6.2,0.02,0.3226,29665.03,18432.575
600168.SH,20230209,6.14,6.22,6.13,6.2,6.14,0.06,0.9772,37903.19,23449.782
600168.SH,20230208,6.19,6.19,6.13,6.14,6.19,-0.05,-0.8078,16445.0,10129.662
600168.SH,20230207,6.19,6.19,6.15,6.19,6.17,0.02,0.3241,25085.17,15487.516
600168.SH,20230206,6.14,6.18,6.11,6.17,6.11,0.06,0.982,23213.0,14277.803
600168.SH,20230203,6.19,6.19,6.1,6.11,6.19,-0.08,-1.2924,24386.16,14955.919
600168.SH,20230202,6.15,6.19,6.15,6.19,6.17,0.02,0.3241,23268.02,14365.321
600168.SH,20230201,6.15,6.18,6.12,6.17,6.14,0.03,0.4886,29393.74,18100.813
600168.SH,20230131,6.1,6.15,6.08,6.14,6.15,-0.01,-0.1626,24151.0,14779.64
600168.SH,20230130,6.17,6.18,6.13,6.15,6.12,0.03,0.4902,24505.0,15063.584
600168.SH,20230120,6.09,6.15,6.07,6.12,6.08,0.04,0.6579,21832.71,13359.783
600168.SH,20230119,6.06,6.09,6.02,6.08,6.05,0.03,0.4959,16226.64,9842.0
600168.SH,20230118,6.05,6.08,6.04,6.05,6.05,0.0,0.0,15139.79,9175.308
600168.SH,20230117,6.03,6.06,6.01,6.05,6.05,0.0,0.0,11399.0,6877.902
600168.SH,20230116,6.02,6.05,5.99,6.05,6.01,0.04,0.6656,22649.0,13650.245
600168.SH,20230113,5.98,6.02,5.96,6.01,5.98,0.03,0.5017,14007.0,8391.246
600168.SH,20230112,5.98,6.02,5.96,5.98,5.98,0.0,0.0,9350.0,5588.373
600168.SH,20230111,6.01,6.04,5.97,5.98,6.02,-0.04,-0.6645,12333.01,7403.779
600168.SH,20230110,6.09,6.1,6.0,6.02,6.07,-0.05,-0.8237,18996.07,11447.897
600168.SH,20230109,6.1,6.12,6.06,6.07,6.09,-0.02,-0.3284,15809.0,9622.718
600168.SH,20230106,6.14,6.14,6.08,6.09,6.13,-0.04,-0.6525,12012.0,7341.148
600168.SH,20230105,6.1,6.17,6.1,6.13,6.13,0.0,0.0,16548.0,10134.553
600168.SH,20230104,6.13,6.16,6.11,6.13,6.13,0.0,0.0,12285.39,7533.389
600168.SH,20230103,6.21,6.24,6.08,6.13,6.08,0.05,0.8224,21462.11,13151.893
600168.SH,20221230,6.01,6.08,6.01,6.08,6.01,0.07,1.1647,10356.43,6269.106
600168.SH,20221229,6.06,6.06,5.99,6.01,6.06,-0.05,-0.8251,10828.11,6510.253
600168.SH,20221228,6.02,6.1,5.99,6.06,6.02,0.04,0.6645,16270.01,9845.205
600168.SH,20221227,5.99,6.03,5.97,6.02,5.98,0.04,0.6689,12130.96,7285.493
600168.SH,20221226,5.96,6.01,5.95,5.98,5.97,0.01,0.1675,10939.0,6539.735
600168.SH,20221223,5.92,6.0,5.92,5.97,5.99,-0.02,-0.3339,10148.0,6046.799
600168.SH,20221222,6.1,6.1,5.92,5.99,6.07,-0.08,-1.318,21542.0,12957.218
600168.SH,20221221,6.11,6.14,6.04,6.07,6.1,-0.03,-0.4918,9478.0,5753.761
600168.SH,20221220,6.06,6.13,6.03,6.1,6.06,0.04,0.6601,12510.0,7612.948
600168.SH,20221219,6.21,6.22,6.03,6.06,6.19,-0.13,-2.1002,23922.02,14597.943
600168.SH,20221216,6.17,6.2,6.14,6.19,6.17,0.02,0.3241,14514.01,8959.245
600168.SH,20221215,6.17,6.26,6.11,6.17,6.14,0.03,0.4886,28481.53,17596.6
600168.SH,20221214,6.18,6.21,6.14,6.14,6.19,-0.05,-0.8078,15654.99,9664.857
600168.SH,20221213,6.18,6.21,6.16,6.19,6.16,0.03,0.487,18270.6,11308.058
600168.SH,20221212,6.23,6.24,6.15,6.16,6.24,-0.08,-1.2821,24156.11,14929.18
600168.SH,20221209,6.28,6.29,6.21,6.24,6.28,-0.04,-0.6369,22328.11,13935.079
600168.SH,20221208,6.3,6.31,6.24,6.28,6.3,-0.02,-0.3175,18827.0,11805.005
600168.SH,20221207,6.29,6.31,6.25,6.3,6.29,0.01,0.159,23187.0,14556.671
600168.SH,20221206,6.35,6.36,6.27,6.29,6.35,-0.06,-0.9449,26423.0,16665.155
600168.SH,20221205,6.27,6.36,6.26,6.35,6.27,0.08,1.2759,31039.6,19625.412
600168.SH,20221202,6.28,6.29,6.23,6.27,6.27,0.0,0.0,19759.8,12381.13
600168.SH,20221201,6.28,6.3,6.26,6.27,6.26,0.01,0.1597,23127.0,14522.56
600168.SH,20221130,6.27,6.3,6.24,6.26,6.27,-0.01,-0.1595,22988.98,14421.135
600168.SH,20221129,6.21,6.28,6.2,6.27,6.21,0.06,0.9662,34799.0,21748.594
600168.SH,20221128,6.22,6.22,6.12,6.21,6.22,-0.01,-0.1608,26011.11,16074.893
600168.SH,20221125,6.16,6.22,6.15,6.22,6.17,0.05,0.8104,27853.0,17256.867
600168.SH,20221124,6.19,6.22,6.16,6.17,6.18,-0.01,-0.1618,20110.9,12452.87
600168.SH,20221123,6.19,6.2,6.14,6.18,6.17,0.01,0.1621,19330.91,11931.494
600168.SH,20221122,6.11,6.21,6.11,6.17,6.15,0.02,0.3252,21328.01,13173.791
600168.SH,20221121,6.15,6.16,6.11,6.15,6.16,-0.01,-0.1623,15554.89,9535.122
600168.SH,20221118,6.2,6.21,6.15,6.16,6.2,-0.04,-0.6452,23162.1,14305.042
600168.SH,20221117,6.21,6.21,6.16,6.2,6.21,-0.01,-0.161,17859.98,11053.12
600168.SH,20221116,6.2,6.24,6.16,6.21,6.19,0.02,0.3231,27112.54,16817.294
600168.SH,20221115,6.17,6.2,6.14,6.19,6.15,0.04,0.6504,23077.0,14247.438
600168.SH,20221114,6.14,6.24,6.13,6.15,6.14,0.01,0.1629,32504.0,20061.046
600168.SH,20221111,6.15,6.18,6.12,6.14,6.11,0.03,0.491,33039.17,20326.842
600168.SH,20221110,6.09,6.13,6.07,6.11,6.12,-0.01,-0.1634,13904.62,8488.303
600168.SH,20221109,6.14,6.14,6.1,6.12,6.13,-0.01,-0.1631,15102.92,9241.842
600168.SH,20221108,6.11,6.14,6.08,6.13,6.12,0.01,0.1634,15491.0,9473.582
600168.SH,20221107,6.08,6.16,6.05,6.12,6.12,0.0,0.0,31723.14,19381.711
600168.SH,20221104,6.11,6.14,6.08,6.12,6.08,0.04,0.6579,37167.2,22721.317
600168.SH,20221103,5.98,6.09,5.95,6.08,6.01,0.07,1.1647,27441.57,16566.006
600168.SH,20221102,5.98,6.01,5.95,6.01,5.98,0.03,0.5017,22305.72,13362.28
600168.SH,20221101,5.85,5.98,5.82,5.98,5.86,0.12,2.0478,18322.46,10866.515
600168.SH,20221031,5.86,5.92,5.82,5.86,5.87,-0.01,-0.1704,16136.0,9474.116
600168.SH,20221028,6.03,6.03,5.87,5.87,6.02,-0.15,-2.4917,31120.65,18398.626
600168.SH,20221027,6.0,6.05,5.99,6.02,6.02,0.0,0.0,17358.21,10448.268
600168.SH,20221026,5.96,6.05,5.92,6.02,5.99,0.03,0.5008,28254.21,16972.473
600168.SH,20221025,6.02,6.03,5.91,5.99,6.02,-0.03,-0.4983,23217.34,13857.385
600168.SH,20221024,6.13,6.15,6.0,6.02,6.11,-0.09,-1.473,23895.51,14503.373
600168.SH,20221021,6.07,6.15,6.07,6.11,6.11,0.0,0.0,23258.0,14214.208
600168.SH,20221020,6.18,6.19,6.08,6.11,6.25,-0.14,-2.24,51208.72,31377.377
600168.SH,20221019,6.14,6.48,6.07,6.25,6.11,0.14,2.2913,80008.67,50245.842
600168.SH,20221018,6.13,6.15,6.1,6.11,6.11,0.0,0.0,14783.01,9050.601
600168.SH,20221017,6.06,6.13,6.03,6.11,6.08,0.03,0.4934,18652.3,11374.823
600168.SH,20221014,6.06,6.09,6.04,6.08,6.02,0.06,0.9967,21353.61,12967.034
600168.SH,20221013,5.99,6.07,5.95,6.02,6.03,-0.01,-0.1658,18088.09,10863.295
600168.SH,20221012,5.91,6.03,5.88,6.03,5.95,0.08,1.3445,20141.37,12019.42
600168.SH,20221011,5.92,5.98,5.84,5.95,5.91,0.04,0.6768,13294.0,7851.789
600168.SH,20221010,5.95,6.01,5.88,5.91,5.95,-0.04,-0.6723,17711.65,10495.05
600168.SH,20220930,5.9,5.96,5.87,5.95,5.91,0.04,0.6768,16430.92,9717.381
600168.SH,20220929,5.99,6.01,5.88,5.91,5.92,-0.01,-0.1689,17811.65,10553.968
600168.SH,20220928,6.06,6.06,5.91,5.92,6.04,-0.12,-1.9868,19558.43,11681.273
600168.SH,20220927,5.97,6.05,5.95,6.04,5.93,0.11,1.855,15181.97,9109.664
600168.SH,20220926,6.13,6.13,5.91,5.93,6.13,-0.2,-3.2626,29916.81,17987.815
600168.SH,20220923,6.19,6.23,6.1,6.13,6.2,-0.07,-1.129,17615.34,10853.272
600168.SH,20220922,6.14,6.23,6.13,6.2,6.18,0.02,0.3236,19728.0,12217.966
600168.SH,20220921,6.14,6.2,6.06,6.18,6.14,0.04,0.6515,17993.6,11056.454
600168.SH,20220920,6.14,6.19,6.11,6.14,6.12,0.02,0.3268,20462.6,12574.013
600168.SH,20220919,6.15,6.2,6.11,6.12,6.17,-0.05,-0.8104,18575.92,11410.867
600168.SH,20220916,6.35,6.36,6.17,6.17,6.36,-0.19,-2.9874,33563.5,20961.737
600168.SH,20220915,6.41,6.42,6.28,6.36,6.38,-0.02,-0.3135,30072.85,19114.108
600168.SH,20220914,6.39,6.42,6.35,6.38,6.48,-0.1,-1.5432,32799.01,20917.746
600168.SH,20220913,6.53,6.54,6.45,6.48,6.48,0.0,0.0,29117.01,18910.347
600168.SH,20220909,6.5,6.51,6.43,6.48,6.46,0.02,0.3096,20701.0,13410.218
600168.SH,20220908,6.5,6.53,6.45,6.46,6.5,-0.04,-0.6154,26302.91,17042.505
600168.SH,20220907,6.47,6.52,6.43,6.5,6.47,0.03,0.4637,35732.29,23168.553
600168.SH,20220906,6.45,6.5,6.43,6.47,6.44,0.03,0.4658,29743.65,19232.106
600168.SH,20220905,6.35,6.45,6.33,6.44,6.35,0.09,1.4173,25549.0,16375.814
600168.SH,20220902,6.32,6.36,6.3,6.35,6.3,0.05,0.7937,19680.0,12452.863
600168.SH,20220901,6.33,6.38,6.3,6.3,6.32,-0.02,-0.3165,23118.0,14643.895
600168.SH,20220831,6.48,6.49,6.31,6.32,6.48,-0.16,-2.4691,43692.0,27843.354
600168.SH,20220830,6.45,6.52,6.4,6.48,6.45,0.03,0.4651,30904.0,19930.828
600168.SH,20220829,6.33,6.49,6.3,6.45,6.44,0.01,0.1553,57297.62,36779.422
600168.SH,20220826,6.45,6.51,6.42,6.44,6.47,-0.03,-0.4637,35907.86,23234.336
600168.SH,20220825,6.44,6.51,6.35,6.47,6.43,0.04,0.6221,40388.01,26000.926
600168.SH,20220824,6.53,6.57,6.41,6.43,6.52,-0.09,-1.3804,50999.12,33055.71
600168.SH,20220823,6.47,6.54,6.45,6.52,6.49,0.03,0.4622,36024.71,23449.336
600168.SH,20220822,6.45,6.52,6.44,6.49,6.47,0.02,0.3091,32989.8,21372.527
600168.SH,20220819,6.43,6.51,6.42,6.47,6.42,0.05,0.7788,44987.84,29138.126
600168.SH,20220818,6.51,6.52,6.38,6.42,6.5,-0.08,-1.2308,37643.19,24198.16
600168.SH,20220817,6.45,6.51,6.43,6.5,6.44,0.06,0.9317,47082.0,30498.458
600168.SH,20220816,6.38,6.46,6.36,6.44,6.38,0.06,0.9404,42269.34,27137.904
600168.SH,20220815,6.37,6.4,6.31,6.38,6.37,0.01,0.157,34787.98,22106.587
600168.SH,20220812,6.38,6.4,6.34,6.37,6.38,-0.01,-0.1567,33103.51,21099.35
600168.SH,20220811,6.28,6.38,6.27,6.38,6.29,0.09,1.4308,28701.52,18231.684
600168.SH,20220810,6.29,6.29,6.23,6.29,6.28,0.01,0.1592,25919.97,16211.479
600168.SH,20220809,6.31,6.33,6.27,6.28,6.32,-0.04,-0.6329,32001.42,20164.776
600168.SH,20220808,6.28,6.33,6.23,6.32,6.3,0.02,0.3175,28297.07,17841.626
600168.SH,20220805,6.25,6.31,6.21,6.3,6.26,0.04,0.639,33979.68,21290.846
600168.SH,20220804,6.15,6.27,6.15,6.26,6.15,0.11,1.7886,34464.13,21421.262
600168.SH,20220803,6.26,6.38,6.14,6.15,6.22,-0.07,-1.1254,51207.75,32049.181
600168.SH,20220802,6.51,6.56,6.17,6.22,6.57,-0.35,-5.3272,116984.63,73858.961
600168.SH,20220801,6.63,6.63,6.53,6.57,6.64,-0.07,-1.0542,72779.11,47767.736
600168.SH,20220729,6.67,6.71,6.61,6.64,6.69,-0.05,-0.7474,61109.01,40671.938
600168.SH,20220728,6.73,6.79,6.68,6.69,6.69,0.0,0.0,65822.01,44335.508
600168.SH,20220727,6.72,6.81,6.68,6.69,6.73,-0.04,-0.5944,65149.29,43874.044
600168.SH,20220726,6.62,6.74,6.62,6.73,6.68,0.05,0.7485,56111.11,37452.09
600168.SH,20220725,6.78,6.87,6.65,6.68,6.83,-0.15,-2.1962,90180.0,60602.813
600168.SH,20220722,6.78,6.95,6.78,6.83,6.79,0.04,0.5891,128399.01,88132.736
600168.SH,20220721,6.83,6.9,6.77,6.79,6.84,-0.05,-0.731,111290.75,76005.577
600168.SH,20220720,6.93,6.93,6.79,6.84,6.94,-0.1,-1.4409,138228.85,94409.958
600168.SH,20220719,7.06,7.07,6.9,6.94,7.07,-0.13,-1.8388,213715.9,148608.273
600168.SH,20220718,6.9,7.19,6.83,7.07,6.9,0.17,2.4638,373577.32,263562.015
600168.SH,20220715,6.73,7.06,6.49,6.9,6.85,0.05,0.7299,332951.54,225143.619
600168.SH,20220714,6.61,7.23,6.61,6.85,6.74,0.11,1.632,343344.22,238353.849
600168.SH,20220713,6.64,6.74,6.59,6.74,6.64,0.1,1.506,123991.29,82534.85
600168.SH,20220712,6.45,6.65,6.38,6.64,6.43,0.21,3.2659,129766.94,85271.911
600168.SH,20220711,6.44,6.48,6.37,6.43,6.43,0.0,0.0,35769.41,22974.482
600168.SH,20220708,6.51,6.51,6.4,6.43,6.53,-0.1,-1.5314,54151.99,34911.751
600168.SH,20220707,6.39,6.54,6.39,6.53,6.41,0.12,1.8721,56325.34,36495.047
600168.SH,20220706,6.47,6.48,6.36,6.41,6.49,-0.08,-1.2327,51513.95,33018.986
600168.SH,20220705,6.56,6.59,6.44,6.49,6.57,-0.08,-1.2177,70775.18,46034.199
600168.SH,20220704,6.7,6.73,6.55,6.57,6.66,-0.09,-1.3514,103842.43,68575.126
600168.SH,20220701,6.38,6.73,6.38,6.66,6.44,0.22,3.4161,184979.24,122646.819
600168.SH,20220630,6.35,6.49,6.3,6.44,6.43,0.01,0.1555,110934.25,70974.897
600168.SH,20220629,6.29,6.66,6.27,6.43,6.32,0.11,1.7405,141364.07,91173.027
600168.SH,20220628,6.28,6.33,6.24,6.32,6.26,0.06,0.9585,47324.6,29765.374
600168.SH,20220627,6.24,6.34,6.23,6.26,6.24,0.02,0.3205,46713.7,29299.709
600168.SH,20220624,6.24,6.25,6.19,6.24,6.23,0.01,0.1605,29521.1,18374.206
600168.SH,20220623,6.13,6.24,6.12,6.23,6.15,0.08,1.3008,34085.1,21047.012
600168.SH,20220622,6.23,6.26,6.14,6.15,6.25,-0.1,-1.6,36481.0,22607.632
600168.SH,20220621,6.27,6.3,6.21,6.25,6.29,-0.04,-0.6359,37462.78,23445.098
600168.SH,20220620,6.25,6.3,6.21,6.29,6.25,0.04,0.64,34458.71,21584.407
600168.SH,20220617,6.27,6.27,6.16,6.25,6.3,-0.05,-0.7937,45694.42,28424.043
600168.SH,20220616,6.24,6.31,6.22,6.3,6.23,0.07,1.1236,40147.51,25170.712
600168.SH,20220615,6.22,6.31,6.17,6.23,6.21,0.02,0.3221,49787.52,31124.55
600168.SH,20220614,6.13,6.21,6.08,6.21,6.17,0.04,0.6483,40579.0,24931.099
600168.SH,20220613,6.28,6.31,6.1,6.17,6.28,-0.11,-1.7516,58302.0,36044.074
600168.SH,20220610,6.38,6.46,6.34,6.45,6.4,0.05,0.7813,45944.42,29453.299
600168.SH,20220609,6.42,6.46,6.38,6.4,6.48,-0.08,-1.2346,35469.0,22758.398
600168.SH,20220608,6.44,6.53,6.38,6.48,6.47,0.01,0.1546,51527.8,33286.809
600168.SH,20220607,6.46,6.51,6.39,6.47,6.47,0.0,0.0,51002.7,32940.103
600168.SH,20220606,6.5,6.53,6.45,6.47,6.51,-0.04,-0.6144,64706.95,41979.618
600168.SH,20220602,6.57,6.69,6.47,6.51,6.66,-0.15,-2.2523,102307.37,66910.661
600168.SH,20220601,6.49,6.83,6.39,6.66,6.47,0.19,2.9366,138833.46,91523.629
600168.SH,20220531,6.41,6.5,6.36,6.47,6.38,0.09,1.4107,80754.52,52073.595
600168.SH,20220530,6.31,6.48,6.31,6.38,6.3,0.08,1.2698,81604.42,52151.657
600168.SH,20220527,6.3,6.35,6.25,6.3,6.27,0.03,0.4785,54033.0,34045.885
600168.SH,20220526,6.22,6.37,6.2,6.27,6.22,0.05,0.8039,69888.3,44009.166
600168.SH,20220525,6.05,6.22,6.05,6.22,6.05,0.17,2.8099,60212.05,37099.604
600168.SH,20220524,6.33,6.35,6.04,6.05,6.32,-0.27,-4.2722,84782.9,52533.122
600168.SH,20220523,6.33,6.33,6.25,6.32,6.3,0.02,0.3175,57248.9,35983.019
600168.SH,20220520,6.29,6.34,6.26,6.3,6.27,0.03,0.4785,61447.3,38633.588
600168.SH,20220519,6.25,6.31,6.21,6.27,6.34,-0.07,-1.1041,69918.96,43686.689
600168.SH,20220518,6.46,6.49,6.32,6.34,6.46,-0.12,-1.8576,114676.07,73388.842
600168.SH,20220517,6.14,6.77,6.07,6.46,6.15,0.31,5.0407,209055.64,134775.413
600168.SH,20220516,6.19,6.24,6.12,6.15,6.18,-0.03,-0.4854,47007.0,28922.95
600168.SH,20220513,6.07,6.19,6.07,6.18,6.09,0.09,1.4778,67998.0,41761.066
600168.SH,20220512,6.04,6.13,6.0,6.09,6.04,0.05,0.8278,62224.0,37765.753
600168.SH,20220511,6.1,6.2,6.03,6.04,6.1,-0.06,-0.9836,82333.32,50428.869
600168.SH,20220510,6.02,6.12,5.9,6.1,6.04,0.06,0.9934,72049.02,43505.235
600168.SH,20220509,5.86,6.07,5.85,6.04,5.84,0.2,3.4247,74366.65,44660.227
600168.SH,20220506,5.96,5.96,5.81,5.84,6.06,-0.22,-3.6304,87852.0,51782.526
600168.SH,20220505,6.08,6.13,6.0,6.06,6.09,-0.03,-0.4926,80570.23,48834.046
600168.SH,20220429,5.88,6.14,5.88,6.09,6.1,-0.01,-0.1639,119424.1,71705.03
600168.SH,20220428,6.29,6.33,6.0,6.1,6.32,-0.22,-3.481,77074.19,47377.377
600168.SH,20220427,6.15,6.32,5.98,6.32,6.23,0.09,1.4446,111991.95,68679.525
600168.SH,20220426,6.27,6.45,6.17,6.23,6.27,-0.04,-0.638,76753.58,48304.949
600168.SH,20220425,6.6,6.7,6.23,6.27,6.71,-0.44,-6.5574,98514.16,63487.547
600168.SH,20220422,6.67,6.8,6.58,6.71,6.73,-0.02,-0.2972,65150.0,43566.277
600168.SH,20220421,7.13,7.13,6.68,6.73,7.16,-0.43,-6.0056,115715.94,79371.823
600168.SH,20220420,7.22,7.27,7.09,7.16,7.18,-0.02,-0.2786,62214.52,44613.254
600168.SH,20220419,7.05,7.23,7.04,7.18,7.08,0.1,1.4124,57519.26,41196.858
600168.SH,20220418,7.05,7.16,6.89,7.08,7.11,-0.03,-0.4219,78807.04,55449.155
600168.SH,20220415,7.34,7.41,6.98,7.11,7.35,-0.24,-3.2653,94147.2,67922.729
600168.SH,20220414,7.16,7.52,7.16,7.35,7.19,0.16,2.2253,87423.62,64330.01
600168.SH,20220413,7.38,7.41,7.14,7.19,7.44,-0.25,-3.3602,82277.6,59506.796
600168.SH,20220412,7.36,7.44,7.07,7.44,7.38,0.06,0.813,139553.15,101819.981
600168.SH,20220411,7.5,7.67,7.3,7.38,7.61,-0.23,-3.0223,149911.37,111695.344
600168.SH,20220408,7.38,7.72,7.38,7.61,7.38,0.23,3.1165,134016.71,101418.684
600168.SH,20220407,7.57,7.57,7.32,7.38,7.65,-0.27,-3.5294,113884.76,84802.916
600168.SH,20220406,7.59,7.68,7.5,7.65,7.62,0.03,0.3937,123708.21,94178.828
600168.SH,20220401,7.58,7.66,7.46,7.62,7.58,0.04,0.5277,119236.95,90181.246
600168.SH,20220331,7.42,7.78,7.41,7.58,7.41,0.17,2.2942,184626.08,140369.288
600168.SH,20220330,7.4,7.44,7.28,7.41,7.38,0.03,0.4065,87183.04,64398.659
600168.SH,20220329,7.39,7.41,7.29,7.38,7.43,-0.05,-0.6729,80356.01,59065.722
600168.SH,20220328,7.2,7.49,7.07,7.43,7.27,0.16,2.2008,121483.74,88838.436
600168.SH,20220325,7.22,7.33,7.17,7.27,7.27,0.0,0.0,76104.81,55207.487
600168.SH,20220324,7.42,7.42,7.2,7.27,7.47,-0.2,-2.6774,102206.14,74461.559
600168.SH,20220323,7.42,7.47,7.3,7.47,7.42,0.05,0.6739,89018.5,65667.74
600168.SH,20220322,7.33,7.48,7.29,7.42,7.38,0.04,0.542,109624.28,81163.947
600168.SH,20220321,7.33,7.41,7.21,7.38,7.32,0.06,0.8197,168202.94,122938.73
600168.SH,20220318,6.91,7.56,6.9,7.32,6.95,0.37,5.3237,182432.22,133387.219
600168.SH,20220317,7.03,7.1,6.93,6.95,6.97,-0.02,-0.2869,69322.0,48544.575
600168.SH,20220316,6.91,6.98,6.67,6.97,6.78,0.19,2.8024,80300.02,55023.374
600168.SH,20220315,7.21,7.23,6.76,6.78,7.15,-0.37,-5.1748,101647.0,70851.116
600168.SH,20220314,7.36,7.48,7.15,7.15,7.44,-0.29,-3.8978,105524.49,77094.234
600168.SH,20220311,7.38,7.44,7.2,7.44,7.38,0.06,0.813,120053.0,87820.013
600168.SH,20220310,7.11,7.43,7.1,7.38,6.97,0.41,5.8824,164083.02,119793.889
600168.SH,20220309,7.02,7.13,6.7,6.97,7.05,-0.08,-1.1348,87079.18,60569.854
600168.SH,20220308,7.21,7.24,6.98,7.05,7.25,-0.2,-2.7586,75628.39,53579.052
600168.SH,20220307,7.21,7.32,7.15,7.25,7.22,0.03,0.4155,103349.03,74687.668
600168.SH,20220304,7.24,7.34,7.12,7.22,7.2,0.02,0.2778,98726.35,71564.954
600168.SH,20220303,7.17,7.25,7.15,7.2,7.17,0.03,0.4184,62365.07,44871.878
600168.SH,20220302,7.11,7.19,7.1,7.17,7.18,-0.01,-0.1393,32941.0,23574.919
600168.SH,20220301,7.08,7.18,7.05,7.18,7.1,0.08,1.1268,73773.59,52663.293
600168.SH,20220228,7.12,7.14,6.94,7.1,7.05,0.05,0.7092,48833.5,34395.726
600168.SH,20220225,6.98,7.11,6.98,7.05,6.96,0.09,1.2931,54970.81,38765.403
600168.SH,20220224,7.15,7.16,6.87,6.96,7.13,-0.17,-2.3843,100336.81,70130.925
600168.SH,20220223,7.11,7.26,7.05,7.13,7.15,-0.02,-0.2797,67221.0,47808.717
600168.SH,20220222,7.17,7.22,7.09,7.15,7.19,-0.04,-0.5563,61196.0,43765.875
600168.SH,20220221,7.16,7.25,7.11,7.19,7.18,0.01,0.1393,73023.9,52453.694
600168.SH,20220218,6.99,7.22,6.97,7.18,7.03,0.15,2.1337,109274.0,77935.827
600168.SH,20220217,7.02,7.15,7.01,7.03,7.0,0.03,0.4286,89883.11,63576.39
600168.SH,20220216,6.95,7.02,6.93,7.0,6.96,0.04,0.5747,48696.0,34021.355
600168.SH,20220215,6.99,7.0,6.9,6.96,6.95,0.01,0.1439,55379.68,38441.187
600168.SH,20220214,6.96,7.04,6.91,6.95,7.03,-0.08,-1.138,82439.01,57457.242
600168.SH,20220211,6.96,7.12,6.93,7.03,7.0,0.03,0.4286,122233.0,85959.406
600168.SH,20220210,7.2,7.2,6.96,7.0,6.84,0.16,2.3392,169279.51,119510.518
600168.SH,20220209,6.83,6.87,6.78,6.84,6.84,0.0,0.0,71054.71,48536.419
600168.SH,20220208,6.68,6.84,6.62,6.84,6.67,0.17,2.5487,87315.0,59256.799
600168.SH,20220207,6.56,6.71,6.55,6.67,6.48,0.19,2.9321,76521.11,50789.309
600168.SH,20220128,6.42,6.52,6.42,6.48,6.42,0.06,0.9346,37372.41,24179.453
600168.SH,20220127,6.5,6.52,6.4,6.42,6.49,-0.07,-1.0786,48249.59,31143.163
600168.SH,20220126,6.45,6.56,6.44,6.49,6.44,0.05,0.7764,40185.41,26056.823
600168.SH,20220125,6.77,6.77,6.44,6.44,6.78,-0.34,-5.0147,106282.03,69699.458
600168.SH,20220124,6.73,6.79,6.68,6.78,6.75,0.03,0.4444,47551.03,32080.342
600168.SH,20220121,6.85,6.88,6.73,6.75,6.87,-0.12,-1.7467,90262.16,61131.945
600168.SH,20220120,7.13,7.13,6.82,6.87,7.13,-0.26,-3.6466,174434.19,121438.545
600168.SH,20220119,7.04,7.15,7.0,7.13,7.1,0.03,0.4225,111167.24,78849.577
600168.SH,20220118,7.13,7.15,7.02,7.1,7.2,-0.1,-1.3889,146057.79,103300.75
600168.SH,20220117,7.08,7.24,7.01,7.2,7.05,0.15,2.1277,223343.19,158780.49
600168.SH,20220114,7.17,7.24,6.99,7.05,7.26,-0.21,-2.8926,305165.14,215924.845
600168.SH,20220113,7.1,7.35,7.09,7.26,7.23,0.03,0.4149,386862.55,279285.905
600168.SH,20220112,7.51,7.68,7.0,7.23,7.78,-0.55,-7.0694,587017.33,428077.751
600168.SH,20220111,8.17,8.18,7.75,7.78,7.44,0.34,4.5699,807084.71,651382.244
600168.SH,20220110,6.78,7.44,6.78,7.44,6.76,0.68,10.0592,362262.04,266922.895
600168.SH,20220107,6.86,6.89,6.75,6.76,6.86,-0.1,-1.4577,34287.0,23386.581
600168.SH,20220106,6.79,6.91,6.79,6.86,6.83,0.03,0.4392,25165.65,17292.731
600168.SH,20220105,6.97,6.97,6.79,6.83,6.95,-0.12,-1.7266,43640.35,29848.816
600168.SH,20220104,6.85,6.97,6.84,6.95,6.83,0.12,1.757,52550.05,36414.795
600168.SH,20211231,6.85,6.9,6.79,6.83,6.81,0.02,0.2937,52838.14,36210.37
600168.SH,20211230,6.71,6.88,6.71,6.81,6.72,0.09,1.3393,29525.49,19950.481
600168.SH,20211229,6.73,6.77,6.7,6.72,6.76,-0.04,-0.5917,18647.3,12541.118
600168.SH,20211228,6.84,6.84,6.72,6.76,6.82,-0.06,-0.8798,29109.63,19667.027
600168.SH,20211227,6.75,6.84,6.7,6.82,6.72,0.1,1.4881,36344.63,24656.395
600168.SH,20211224,6.76,6.79,6.66,6.72,6.77,-0.05,-0.7386,28387.31,19071.964
600168.SH,20211223,6.78,6.83,6.75,6.77,6.78,-0.01,-0.1475,28341.84,19237.864
600168.SH,20211222,6.82,6.85,6.76,6.78,6.82,-0.04,-0.5865,36504.93,24792.935
600168.SH,20211221,6.61,6.84,6.61,6.82,6.64,0.18,2.7108,55059.53,37252.593
600168.SH,20211220,6.67,6.69,6.6,6.64,6.68,-0.04,-0.5988,30818.0,20470.737
600168.SH,20211217,6.68,6.71,6.6,6.68,6.68,0.0,0.0,27700.24,18472.402
600168.SH,20211216,6.62,6.69,6.57,6.68,6.63,0.05,0.7541,37000.0,24616.82
600168.SH,20211215,6.48,6.63,6.46,6.63,6.5,0.13,2.0,51022.81,33594.421
600168.SH,20211214,6.5,6.52,6.45,6.5,6.53,-0.03,-0.4594,22722.0,14712.344
600168.SH,20211213,6.6,6.64,6.51,6.53,6.5,0.03,0.4615,35070.28,23033.136
600168.SH,20211210,6.52,6.55,6.48,6.5,6.54,-0.04,-0.6116,23365.0,15222.133
600168.SH,20211209,6.49,6.57,6.48,6.54,6.49,0.05,0.7704,41511.69,27074.843
600168.SH,20211208,6.48,6.49,6.43,6.49,6.47,0.02,0.3091,25053.98,16210.687
600168.SH,20211207,6.47,6.5,6.4,6.47,6.46,0.01,0.1548,20511.84,13226.572
600168.SH,20211206,6.53,6.56,6.44,6.46,6.52,-0.06,-0.9202,27499.07,17834.012
600168.SH,20211203,6.46,6.52,6.44,6.52,6.45,0.07,1.0853,19294.0,12521.433
600168.SH,20211202,6.52,6.53,6.43,6.45,6.51,-0.06,-0.9217,22585.91,14627.553
600168.SH,20211201,6.42,6.52,6.4,6.51,6.4,0.11,1.7188,32052.77,20769.705
600168.SH,20211130,6.36,6.45,6.36,6.4,6.37,0.03,0.471,24672.14,15805.853
600168.SH,20211129,6.38,6.39,6.27,6.37,6.49,-0.12,-1.849,24807.3,15739.956
600168.SH,20211126,6.46,6.57,6.46,6.49,6.43,0.06,0.9331,56852.59,37031.167
600168.SH,20211125,6.39,6.44,6.39,6.43,6.4,0.03,0.4688,30650.28,19693.331
600168.SH,20211124,6.39,6.41,6.35,6.4,6.4,0.0,0.0,20283.72,12936.885
600168.SH,20211123,6.4,6.41,6.37,6.4,6.4,0.0,0.0,21908.72,14015.01
600168.SH,20211122,6.43,6.43,6.38,6.4,6.42,-0.02,-0.3115,17390.6,11134.417
600168.SH,20211119,6.43,6.44,6.38,6.42,6.43,-0.01,-0.1555,18384.0,11777.438
600168.SH,20211118,6.42,6.45,6.41,6.43,6.44,-0.01,-0.1553,15061.0,9686.033
600168.SH,20211117,6.44,6.46,6.4,6.44,6.42,0.02,0.3115,16803.73,10799.831
600168.SH,20211116,6.46,6.48,6.42,6.42,6.46,-0.04,-0.6192,20739.87,13368.918
600168.SH,20211115,6.43,6.48,6.4,6.46,6.42,0.04,0.6231,23150.84,14919.165
600168.SH,20211112,6.4,6.45,6.4,6.42,6.42,0.0,0.0,18722.29,12021.859
600168.SH,20211111,6.38,6.43,6.36,6.42,6.38,0.04,0.627,15452.21,9909.064
600168.SH,20211110,6.37,6.39,6.31,6.38,6.37,0.01,0.157,18220.26,11571.064
600168.SH,20211109,6.4,6.41,6.34,6.37,6.38,-0.01,-0.1567,14767.01,9407.722
600168.SH,20211108,6.29,6.39,6.27,6.38,6.27,0.11,1.7544,22251.96,14141.178
600168.SH,20211105,6.31,6.31,6.27,6.27,6.29,-0.02,-0.318,9619.5,6050.072
600168.SH,20211104,6.27,6.31,6.25,6.29,6.28,0.01,0.1592,10788.54,6784.909
600168.SH,20211103,6.23,6.29,6.22,6.28,6.21,0.07,1.1272,15188.94,9507.062
600168.SH,20211102,6.34,6.35,6.17,6.21,6.33,-0.12,-1.8957,25200.84,15748.813
600168.SH,20211101,6.31,6.37,6.21,6.33,6.32,0.01,0.1582,23416.4,14765.284
600168.SH,20211029,6.25,6.33,6.24,6.32,6.24,0.08,1.2821,15195.22,9559.08
600168.SH,20211028,6.39,6.4,6.22,6.24,6.4,-0.16,-2.5,27475.22,17288.842
600168.SH,20211027,6.51,6.51,6.38,6.4,6.51,-0.11,-1.6897,21332.0,13702.716
600168.SH,20211026,6.51,6.54,6.47,6.51,6.5,0.01,0.1538,22892.25,14904.479
600168.SH,20211025,6.44,6.5,6.44,6.5,6.45,0.05,0.7752,13009.24,8430.031
600168.SH,20211022,6.48,6.5,6.44,6.45,6.48,-0.03,-0.463,16821.0,10878.577
600168.SH,20211021,6.52,6.54,6.45,6.48,6.54,-0.06,-0.9174,29081.87,18893.168
600168.SH,20211020,6.53,6.57,6.51,6.54,6.55,-0.01,-0.1527,20993.0,13729.02
600168.SH,20211019,6.6,6.6,6.5,6.55,6.59,-0.04,-0.607,31862.06,20848.095
600168.SH,20211018,6.54,6.61,6.5,6.59,6.54,0.05,0.7645,23903.0,15699.536
600168.SH,20211015,6.76,6.76,6.52,6.54,6.77,-0.23,-3.3973,79742.29,52800.792
600168.SH,20211014,6.79,6.81,6.72,6.77,6.82,-0.05,-0.7331,39140.88,26474.492
600168.SH,20211013,7.05,7.08,6.74,6.82,7.1,-0.28,-3.9437,92791.42,63454.52
600168.SH,20211012,6.9,7.16,6.88,7.1,7.03,0.07,0.9957,96487.06,67925.943
600168.SH,20211011,7.16,7.24,6.98,7.03,7.29,-0.26,-3.5665,137324.01,97072.126
600168.SH,20211008,7.28,7.66,7.2,7.29,7.05,0.24,3.4043,195812.24,144711.949
600168.SH,20210930,6.76,7.06,6.73,7.05,6.73,0.32,4.7548,103079.97,71637.288
600168.SH,20210929,6.82,6.94,6.73,6.73,6.9,-0.17,-2.4638,44613.12,30393.66
600168.SH,20210928,6.72,6.91,6.7,6.9,6.74,0.16,2.3739,49674.69,33938.323
600168.SH,20210927,6.94,7.09,6.67,6.74,6.93,-0.19,-2.7417,73298.05,49923.327
600168.SH,20210924,7.1,7.15,6.92,6.93,7.16,-0.23,-3.2123,66590.21,46791.046
600168.SH,20210923,6.91,7.23,6.9,7.16,6.88,0.28,4.0698,138625.74,98539.547
600168.SH,20210922,6.7,6.9,6.67,6.88,6.79,0.09,1.3255,41675.6,28488.226
600168.SH,20210917,6.79,6.86,6.65,6.79,6.79,0.0,0.0,39047.75,26316.267
600168.SH,20210916,6.94,7.0,6.78,6.79,6.92,-0.13,-1.8786,43758.6,30095.776
600168.SH,20210915,6.84,6.95,6.79,6.92,6.81,0.11,1.6153,40517.11,27832.983
600168.SH,20210914,7.0,7.03,6.81,6.81,7.01,-0.2,-2.8531,50509.51,34841.711
600168.SH,20210913,7.07,7.08,6.87,7.01,6.86,0.15,2.1866,55778.56,39013.673
600168.SH,20210910,6.99,7.02,6.83,6.86,7.01,-0.15,-2.1398,54220.0,37444.162
600168.SH,20210909,6.92,7.03,6.88,7.01,6.92,0.09,1.3006,56879.28,39703.192
600168.SH,20210908,6.87,6.95,6.83,6.92,6.84,0.08,1.1696,50607.89,34963.89
600168.SH,20210907,6.81,6.85,6.79,6.84,6.81,0.03,0.4405,35514.44,24218.868
600168.SH,20210906,6.77,6.92,6.76,6.81,6.76,0.05,0.7396,36812.0,25080.694
600168.SH,20210903,6.83,6.88,6.74,6.76,6.83,-0.07,-1.0249,40673.38,27582.441
600168.SH,20210902,6.8,6.85,6.75,6.83,6.82,0.01,0.1466,34932.0,23793.962
600168.SH,20210901,6.7,6.86,6.69,6.82,6.69,0.13,1.9432,67658.12,45898.695
600168.SH,20210831,6.65,6.74,6.6,6.69,6.62,0.07,1.0574,45948.0,30618.83
600168.SH,20210830,6.73,6.74,6.6,6.62,6.9,-0.28,-4.058,71375.22,47494.965
600168.SH,20210827,6.93,7.05,6.87,6.9,6.97,-0.07,-1.0043,49556.13,34338.147
600168.SH,20210826,6.87,7.02,6.81,6.97,6.83,0.14,2.0498,79241.22,54958.289
600168.SH,20210825,6.76,6.84,6.71,6.83,6.74,0.09,1.3353,54063.11,36620.864
600168.SH,20210824,6.68,6.75,6.65,6.74,6.67,0.07,1.0495,36900.13,24819.205
600168.SH,20210823,6.65,6.72,6.62,6.67,6.65,0.02,0.3008,36128.11,24141.659
600168.SH,20210820,6.6,6.65,6.54,6.65,6.6,0.05,0.7576,25634.08,16915.061
600168.SH,20210819,6.6,6.63,6.52,6.6,6.64,-0.04,-0.6024,26738.88,17561.519
600168.SH,20210818,6.54,6.67,6.52,6.64,6.53,0.11,1.6845,26347.54,17427.391
600168.SH,20210817,6.63,6.7,6.52,6.53,6.59,-0.06,-0.9105,37989.53,25148.308
600168.SH,20210816,6.5,6.62,6.5,6.59,6.52,0.07,1.0736,31960.13,21006.343
600168.SH,20210813,6.5,6.53,6.47,6.52,6.5,0.02,0.3077,24692.0,16064.184
600168.SH,20210812,6.5,6.53,6.48,6.5,6.51,-0.01,-0.1536,21279.0,13830.45
600168.SH,20210811,6.49,6.53,6.48,6.51,6.5,0.01,0.1538,15443.91,10042.486
600168.SH,20210810,6.52,6.53,6.46,6.5,6.5,0.0,0.0,13377.35,8686.802
600168.SH,20210809,6.45,6.5,6.42,6.5,6.46,0.04,0.6192,21803.64,14091.864
600168.SH,20210806,6.39,6.68,6.33,6.46,6.39,0.07,1.0955,30177.0,19467.039
600168.SH,20210805,6.43,6.43,6.36,6.39,6.43,-0.04,-0.6221,11952.94,7634.987
600168.SH,20210804,6.39,6.43,6.37,6.43,6.4,0.03,0.4688,12126.7,7764.361
600168.SH,20210803,6.39,6.44,6.37,6.4,6.39,0.01,0.1565,14731.01,9436.166
600168.SH,20210802,6.34,6.41,6.28,6.39,6.35,0.04,0.6299,20626.0,13116.279
600168.SH,20210730,6.33,6.38,6.29,6.35,6.34,0.01,0.1577,15048.9,9544.332
600168.SH,20210729,6.36,6.36,6.28,6.34,6.32,0.02,0.3165,15145.13,9577.772
600168.SH,20210728,6.44,6.44,6.29,6.32,6.44,-0.12,-1.8634,19885.05,12606.502
600168.SH,20210727,6.44,6.51,6.42,6.44,6.47,-0.03,-0.4637,14362.43,9282.767
600168.SH,20210726,6.53,6.55,6.46,6.47,6.57,-0.1,-1.5221,19766.04,12833.872
600168.SH,20210723,6.65,6.67,6.54,6.57,6.6,-0.03,-0.4545,22382.01,14730.072
600168.SH,20210722,6.58,6.63,6.5,6.6,6.58,0.02,0.304,24382.22,16035.349
600168.SH,20210721,6.55,6.59,6.52,6.58,6.51,0.07,1.0753,21263.01,13957.832
600168.SH,20210720,6.54,6.54,6.46,6.51,6.56,-0.05,-0.7622,23182.88,15041.501
600168.SH,20210719,6.61,6.63,6.54,6.56,6.63,-0.07,-1.0558,19448.1,12777.041
600168.SH,20210716,6.6,6.66,6.6,6.63,6.63,0.0,0.0,12932.0,8579.826
600168.SH,20210715,6.65,6.66,6.59,6.63,6.65,-0.02,-0.3008,15275.0,10106.834
600168.SH,20210714,6.69,6.7,6.62,6.65,6.69,-0.04,-0.5979,17627.95,11729.138
600168.SH,20210713,6.65,6.71,6.62,6.69,6.67,0.02,0.2999,23865.01,15937.47
600168.SH,20210712,6.6,6.68,6.6,6.67,6.6,0.07,1.0606,26647.01,17742.367
600168.SH,20210709,6.53,6.61,6.51,6.6,6.54,0.06,0.9174,14174.1,9305.318
600168.SH,20210708,6.6,6.64,6.54,6.54,6.6,-0.06,-0.9091,15765.0,10382.174
600168.SH,20210707,6.63,6.64,6.58,6.6,6.62,-0.02,-0.3021,17144.55,11311.263
600168.SH,20210706,6.6,6.63,6.59,6.62,6.6,0.02,0.303,11329.0,7489.42
600168.SH,20210705,6.6,6.62,6.58,6.6,6.6,0.0,0.0,10246.08,6757.371
600168.SH,20210702,6.65,6.65,6.57,6.6,6.62,-0.02,-0.3021,14566.02,9620.973
600168.SH,20210701,6.63,6.68,6.6,6.62,6.62,0.0,0.0,20596.33,13682.13
600168.SH,20210630,6.65,6.66,6.61,6.62,6.65,-0.03,-0.4511,14344.0,9510.516
600168.SH,20210629,6.67,6.68,6.64,6.65,6.67,-0.02,-0.2999,13195.0,8786.202
600168.SH,20210628,6.65,6.78,6.65,6.67,6.69,-0.02,-0.299,19302.38,12891.915
600168.SH,20210625,6.78,6.78,6.66,6.69,6.74,-0.05,-0.7418,22357.78,14967.602
600168.SH,20210624,6.83,6.87,6.78,6.85,6.84,0.01,0.1462,20896.15,14275.891
600168.SH,20210623,6.83,6.87,6.77,6.84,6.83,0.01,0.1464,15318.91,10427.359
600168.SH,20210622,6.75,6.86,6.73,6.83,6.74,0.09,1.3353,20999.85,14288.275
600168.SH,20210621,6.75,6.75,6.71,6.74,6.75,-0.01,-0.1481,13717.49,9236.107
600168.SH,20210618,6.77,6.77,6.71,6.75,6.73,0.02,0.2972,14940.48,10056.224
600168.SH,20210617,6.73,6.78,6.71,6.73,6.73,0.0,0.0,13012.0,8768.718
600168.SH,20210616,6.81,6.85,6.71,6.73,6.83,-0.1,-1.4641,18680.0,12618.025
600168.SH,20210615,6.85,6.86,6.79,6.83,6.86,-0.03,-0.4373,17900.1,12208.302
600168.SH,20210611,6.86,6.91,6.85,6.86,6.88,-0.02,-0.2907,22840.0,15699.289
600168.SH,20210610,6.95,6.98,6.86,6.88,6.97,-0.09,-1.2912,33893.0,23409.684
600168.SH,20210609,6.9,6.98,6.84,6.97,6.87,0.1,1.4556,24762.7,17157.46
600168.SH,20210608,6.86,6.93,6.85,6.87,6.88,-0.01,-0.1453,14439.01,9922.695
600168.SH,20210607,6.93,6.96,6.87,6.88,6.96,-0.08,-1.1494,26903.4,18576.993
600168.SH,20210604,6.99,7.0,6.95,6.96,6.98,-0.02,-0.2865,21543.73,15014.952
600168.SH,20210603,6.97,7.06,6.92,6.98,6.97,0.01,0.1435,35845.31,25034.701
600168.SH,20210602,6.96,6.98,6.91,6.97,6.95,0.02,0.2878,23725.77,16481.735
600168.SH,20210601,6.9,7.03,6.84,6.95,6.87,0.08,1.1645,30494.77,21129.82
600168.SH,20210531,6.85,6.88,6.83,6.87,6.86,0.01,0.1458,17704.96,12133.856
600168.SH,20210528,6.93,6.95,6.86,6.86,6.93,-0.07,-1.0101,24950.02,17221.987
600168.SH,20210527,6.96,6.97,6.9,6.93,6.96,-0.03,-0.431,27935.8,19371.637
600168.SH,20210526,6.93,7.0,6.93,6.96,6.96,0.0,0.0,22903.31,15953.682
600168.SH,20210525,7.01,7.02,6.93,6.96,7.0,-0.04,-0.5714,36648.02,25525.318
600168.SH,20210524,6.85,7.0,6.81,7.0,6.84,0.16,2.3392,56519.36,39236.697
600168.SH,20210521,6.75,6.85,6.75,6.84,6.78,0.06,0.885,23889.0,16272.935
600168.SH,20210520,6.75,6.83,6.75,6.78,6.79,-0.01,-0.1473,25449.98,17251.868
600168.SH,20210519,6.84,6.87,6.78,6.79,6.84,-0.05,-0.731,19824.0,13513.955
600168.SH,20210518,6.78,6.85,6.77,6.84,6.8,0.04,0.5882,21458.62,14628.631
600168.SH,20210517,6.88,6.88,6.77,6.8,6.88,-0.08,-1.1628,30893.61,21064.964
600168.SH,20210514,6.79,6.89,6.78,6.88,6.76,0.12,1.7751,47999.46,32902.985
600168.SH,20210513,6.84,6.84,6.75,6.76,6.84,-0.08,-1.1696,29391.43,19956.718
600168.SH,20210512,6.75,6.84,6.75,6.84,6.79,0.05,0.7364,29115.22,19804.922
600168.SH,20210511,6.75,6.82,6.68,6.79,6.75,0.04,0.5926,24340.42,16507.698
600168.SH,20210510,6.74,6.84,6.68,6.75,6.74,0.01,0.1484,20631.58,13918.498
600168.SH,20210507,6.74,6.78,6.68,6.74,6.74,0.0,0.0,20861.46,14067.723
600168.SH,20210506,6.65,6.74,6.6,6.74,6.67,0.07,1.0495,22199.0,14883.216
600168.SH,20210430,6.7,6.76,6.61,6.67,6.64,0.03,0.4518,26668.0,17792.532
600168.SH,20210429,6.64,6.66,6.58,6.64,6.62,0.02,0.3021,18504.0,12271.054
600168.SH,20210428,6.55,6.63,6.53,6.62,6.56,0.06,0.9146,19058.82,12586.849
600168.SH,20210427,6.68,6.68,6.49,6.56,6.67,-0.11,-1.6492,35080.21,23020.299
600168.SH,20210426,6.7,6.72,6.65,6.67,6.73,-0.06,-0.8915,28666.0,19145.025
600168.SH,20210423,6.89,6.89,6.72,6.73,6.89,-0.16,-2.3222,41852.72,28388.943
600168.SH,20210422,6.9,6.95,6.88,6.89,6.89,0.0,0.0,23920.31,16537.588
600168.SH,20210421,6.95,6.95,6.87,6.89,6.95,-0.06,-0.8633,28868.38,19910.865
600168.SH,20210420,6.96,7.02,6.93,6.95,7.0,-0.05,-0.7143,37977.24,26474.154
600168.SH,20210419,6.95,7.02,6.9,7.0,6.95,0.05,0.7194,47128.75,32910.713
600168.SH,20210416,6.95,6.98,6.9,6.95,6.94,0.01,0.1441,44922.51,31189.093
600168.SH,20210415,7.15,7.15,6.93,6.94,7.07,-0.13,-1.8388,64156.88,44935.978
600168.SH,20210414,7.05,7.11,7.01,7.07,7.12,-0.05,-0.7022,59077.57,41643.702
600168.SH,20210413,7.2,7.28,7.05,7.12,7.37,-0.25,-3.3921,141898.67,101194.583
600168.SH,20210412,7.2,7.74,7.05,7.37,7.16,0.21,2.933,203067.69,149731.759
600168.SH,20210409,7.03,7.18,6.99,7.16,7.04,0.12,1.7045,98963.37,70117.673
600168.SH,20210408,7.19,7.23,7.04,7.04,7.16,-0.12,-1.676,99969.71,70941.312
600168.SH,20210407,7.16,7.23,7.07,7.16,7.16,0.0,0.0,92058.29,65651.527
600168.SH,20210406,7.18,7.23,7.07,7.16,7.3,-0.14,-1.9178,125937.52,89925.209
600168.SH,20210402,7.35,7.64,7.24,7.3,7.75,-0.45,-5.8065,239695.55,177239.395
600168.SH,20210401,8.58,8.58,7.73,7.75,8.0,-0.25,-3.125,406331.2,330578.259
600168.SH,20210331,7.7,8.0,7.7,8.0,7.27,0.73,10.0413,122443.14,97193.153
600168.SH,20210330,7.23,7.3,7.06,7.27,7.26,0.01,0.1377,77944.95,55972.699
600168.SH,20210329,7.18,7.32,7.09,7.26,7.16,0.1,1.3966,71285.91,51376.422
600168.SH,20210326,6.98,7.24,6.98,7.16,6.98,0.18,2.5788,42660.25,30496.623
600168.SH,20210325,7.15,7.18,6.94,6.98,7.13,-0.15,-2.1038,44643.02,31451.494
600168.SH,20210324,7.09,7.26,7.03,7.13,7.13,0.0,0.0,49781.17,35665.992
600168.SH,20210323,7.13,7.2,7.06,7.13,7.11,0.02,0.2813,52805.95,37666.995
600168.SH,20210322,7.03,7.11,6.94,7.11,6.99,0.12,1.7167,48041.54,33858.999
600168.SH,20210319,6.81,6.99,6.75,6.99,6.89,0.1,1.4514,47952.47,33111.1
600168.SH,20210318,6.82,7.12,6.81,6.89,6.82,0.07,1.0264,49852.68,34687.087
600168.SH,20210317,6.9,6.91,6.79,6.82,6.91,-0.09,-1.3025,31236.13,21358.495
600168.SH,20210316,6.84,6.93,6.81,6.91,6.84,0.07,1.0234,33742.75,23243.21
600168.SH,20210315,6.79,6.85,6.75,6.84,6.77,0.07,1.034,36169.03,24620.696
600168.SH,20210312,6.66,6.81,6.63,6.77,6.64,0.13,1.9578,36749.04,24802.162
600168.SH,20210311,6.53,6.66,6.53,6.64,6.55,0.09,1.374,16240.52,10717.043
600168.SH,20210310,6.63,6.7,6.53,6.55,6.62,-0.07,-1.0574,18382.0,12154.805
600168.SH,20210309,6.63,6.7,6.52,6.62,6.65,-0.03,-0.4511,25261.14,16725.368
600168.SH,20210308,6.73,6.76,6.65,6.65,6.71,-0.06,-0.8942,19773.0,13258.722
600168.SH,20210305,6.73,6.74,6.64,6.71,6.7,0.01,0.1493,22935.11,15332.628
600168.SH,20210304,6.62,6.72,6.62,6.7,6.66,0.04,0.6006,25412.68,16953.351
600168.SH,20210303,6.62,6.68,6.62,6.66,6.63,0.03,0.4525,20068.42,13346.888
600168.SH,20210302,6.6,6.69,6.57,6.63,6.61,0.02,0.3026,24475.51,16241.007
600168.SH,20210301,6.41,6.61,6.41,6.61,6.49,0.12,1.849,29608.6,19414.15
600168.SH,20210226,6.43,6.49,6.3,6.49,6.51,-0.02,-0.3072,22903.01,14703.414
600168.SH,20210225,6.5,6.55,6.45,6.51,6.48,0.03,0.463,15833.0,10295.904
600168.SH,20210224,6.47,6.51,6.43,6.48,6.47,0.01,0.1546,12783.22,8276.245
600168.SH,20210223,6.54,6.55,6.46,6.47,6.55,-0.08,-1.2214,15366.02,9984.414
600168.SH,20210222,6.49,6.62,6.44,6.55,6.47,0.08,1.2365,30060.19,19669.855
600168.SH,20210219,6.35,6.48,6.32,6.47,6.36,0.11,1.7296,17055.62,10976.433
600168.SH,20210218,6.29,6.39,6.29,6.36,6.27,0.09,1.4354,13318.0,8459.981
600168.SH,20210210,6.25,6.29,6.21,6.27,6.23,0.04,0.6421,8734.38,5464.067
600168.SH,20210209,6.16,6.28,6.16,6.23,6.17,0.06,0.9724,10778.31,6707.43
600168.SH,20210208,6.16,6.22,6.13,6.17,6.18,-0.01,-0.1618,10437.47,6449.674
600168.SH,20210205,6.18,6.27,6.16,6.18,6.16,0.02,0.3247,10623.3,6606.374
600168.SH,20210204,6.34,6.36,6.13,6.16,6.33,-0.17,-2.6856,17311.56,10781.258
600168.SH,20210203,6.46,6.46,6.33,6.33,6.42,-0.09,-1.4019,11372.86,7274.134
600168.SH,20210202,6.41,6.49,6.4,6.42,6.44,-0.02,-0.3106,9830.04,6328.27
600168.SH,20210201,6.53,6.53,6.4,6.44,6.54,-0.1,-1.5291,14727.1,9507.318
600168.SH,20210129,6.5,6.54,6.41,6.54,6.48,0.06,0.9259,17005.8,11031.688
600168.SH,20210128,6.43,6.52,6.4,6.48,6.45,0.03,0.4651,11994.71,7747.186
600168.SH,20210127,6.45,6.53,6.38,6.45,6.45,0.0,0.0,15986.33,10336.51
600168.SH,20210126,6.53,6.59,6.42,6.45,6.55,-0.1,-1.5267,17433.25,11339.89
600168.SH,20210125,6.58,6.63,6.5,6.55,6.58,-0.03,-0.4559,18281.17,12007.413
600168.SH,20210122,6.6,6.66,6.54,6.58,6.64,-0.06,-0.9036,15274.01,10060.173
600168.SH,20210121,6.63,6.72,6.6,6.64,6.63,0.01,0.1508,16376.91,10909.148
600168.SH,20210120,6.72,6.75,6.61,6.63,6.76,-0.13,-1.9231,19328.62,12869.174
600168.SH,20210119,6.52,6.85,6.52,6.76,6.56,0.2,3.0488,41627.97,27913.616
600168.SH,20210118,6.5,6.56,6.5,6.56,6.5,0.06,0.9231,18760.0,12258.889
600168.SH,20210115,6.47,6.51,6.39,6.5,6.46,0.04,0.6192,26174.95,16892.748
600168.SH,20210114,6.34,6.49,6.3,6.46,6.33,0.13,2.0537,20552.28,13169.542
600168.SH,20210113,6.38,6.39,6.29,6.33,6.38,-0.05,-0.7837,21103.28,13339.596
600168.SH,20210112,6.35,6.41,6.34,6.38,6.36,0.02,0.3145,12642.45,8065.394
600168.SH,20210111,6.54,6.54,6.35,6.36,6.56,-0.2,-3.0488,27016.0,17360.336
600168.SH,20210108,6.52,6.64,6.34,6.56,6.53,0.03,0.4594,34057.12,22044.718
600168.SH,20210107,6.8,6.8,6.5,6.53,6.77,-0.24,-3.5451,41926.75,27741.688
600168.SH,20210106,6.79,6.8,6.75,6.77,6.79,-0.02,-0.2946,22117.01,14977.906
600168.SH,20210105,6.87,6.87,6.72,6.79,6.87,-0.08,-1.1645,25631.71,17373.796
600168.SH,20210104,6.89,6.92,6.83,6.87,6.88,-0.01,-0.1453,27466.01,18834.899
600168.SH,20201231,6.89,6.93,6.85,6.88,6.88,0.0,0.0,23481.22,16143.187
600168.SH,20201230,6.84,6.89,6.78,6.88,6.86,0.02,0.2915,14724.19,10082.746
600168.SH,20201229,6.86,6.9,6.82,6.86,6.86,0.0,0.0,18524.8,12698.03
600168.SH,20201228,6.88,6.96,6.83,6.86,6.94,-0.08,-1.1527,29781.02,20497.887
600168.SH,20201225,6.84,7.03,6.83,6.94,6.88,0.06,0.8721,43069.0,29989.208
600168.SH,20201224,6.78,6.89,6.75,6.88,6.77,0.11,1.6248,25703.13,17522.951
600168.SH,20201223,6.76,6.83,6.74,6.77,6.78,-0.01,-0.1475,17100.15,11583.127
600168.SH,20201222,6.87,6.9,6.77,6.78,6.9,-0.12,-1.7391,19950.45,13648.047
600168.SH,20201221,6.8,6.93,6.79,6.9,6.83,0.07,1.0249,18306.45,12580.342
600168.SH,20201218,6.84,6.93,6.81,6.83,6.85,-0.02,-0.292,17410.89,11953.113
600168.SH,20201217,6.81,6.86,6.71,6.85,6.83,0.02,0.2928,27860.01,18900.193
600168.SH,20201216,6.92,6.94,6.81,6.83,6.92,-0.09,-1.3006,18226.43,12505.524
600168.SH,20201215,6.96,6.97,6.88,6.92,6.96,-0.04,-0.5747,15008.0,10371.797
600168.SH,20201214,6.91,6.96,6.89,6.96,6.91,0.05,0.7236,11275.46,7821.393
600168.SH,20201211,7.06,7.06,6.85,6.91,7.03,-0.12,-1.707,32386.42,22484.884
600168.SH,20201210,7.03,7.1,7.03,7.03,7.03,0.0,0.0,13484.94,9503.135
600168.SH,20201209,7.14,7.17,7.02,7.03,7.14,-0.11,-1.5406,28729.59,20366.421
600168.SH,20201208,7.19,7.19,7.13,7.14,7.17,-0.03,-0.4184,14020.33,10031.589
600168.SH,20201207,7.26,7.26,7.16,7.17,7.27,-0.1,-1.3755,29112.51,20953.144
600168.SH,20201204,7.29,7.31,7.21,7.27,7.29,-0.02,-0.2743,26873.0,19498.654
600168.SH,20201203,7.21,7.3,7.2,7.29,7.21,0.08,1.1096,34638.49,25163.696
600168.SH,20201202,7.23,7.25,7.18,7.21,7.25,-0.04,-0.5517,26390.01,19052.77
600168.SH,20201201,7.17,7.26,7.14,7.25,7.16,0.09,1.257,29137.99,21036.585
600168.SH,20201130,7.16,7.23,7.16,7.16,7.16,0.0,0.0,29108.74,20939.697
600168.SH,20201127,7.12,7.18,7.08,7.16,7.11,0.05,0.7032,22573.03,16088.551
600168.SH,20201126,7.16,7.18,7.08,7.11,7.15,-0.04,-0.5594,25136.93,17904.504
600168.SH,20201125,7.24,7.27,7.15,7.15,7.23,-0.08,-1.1065,31033.0,22351.96
600168.SH,20201124,7.24,7.26,7.19,7.23,7.27,-0.04,-0.5502,22751.53,16432.671
600168.SH,20201123,7.21,7.33,7.18,7.27,7.22,0.05,0.6925,34490.85,24991.896
600168.SH,20201120,7.23,7.25,7.17,7.22,7.25,-0.03,-0.4138,22180.0,15993.563
600168.SH,20201119,7.24,7.27,7.2,7.25,7.25,0.0,0.0,21827.62,15780.34
600168.SH,20201118,7.3,7.31,7.22,7.25,7.29,-0.04,-0.5487,22513.11,16356.951
600168.SH,20201117,7.32,7.33,7.24,7.29,7.33,-0.04,-0.5457,22984.63,16709.364
600168.SH,20201116,7.22,7.35,7.2,7.33,7.25,0.08,1.1034,30261.68,22092.074
600168.SH,20201113,7.2,7.27,7.16,7.25,7.19,0.06,0.8345,26211.0,18947.465
600168.SH,20201112,7.2,7.22,7.17,7.19,7.18,0.01,0.1393,14529.52,10446.965
600168.SH,20201111,7.17,7.24,7.14,7.18,7.17,0.01,0.1395,20637.0,14824.721
600168.SH,20201110,7.23,7.24,7.15,7.17,7.2,-0.03,-0.4167,19417.0,13951.784
600168.SH,20201109,7.16,7.24,7.15,7.2,7.12,0.08,1.1236,34590.01,24867.666
600168.SH,20201106,7.21,7.21,7.09,7.12,7.17,-0.05,-0.6974,18316.89,13068.244
600168.SH,20201105,7.16,7.19,7.1,7.17,7.11,0.06,0.8439,37214.25,26565.291
600168.SH,20201104,7.1,7.15,7.06,7.11,7.09,0.02,0.2821,24481.54,17408.843
600168.SH,20201103,7.0,7.1,7.0,7.09,7.0,0.09,1.2857,18973.01,13421.465
600168.SH,20201102,6.98,7.03,6.96,7.0,6.94,0.06,0.8646,17604.61,12311.982
600168.SH,20201030,7.08,7.1,6.93,6.94,7.08,-0.14,-1.9774,24597.0,17285.572
600168.SH,20201029,7.01,7.11,7.0,7.08,7.08,0.0,0.0,13916.0,9811.906
600168.SH,20201028,7.05,7.09,7.01,7.08,7.04,0.04,0.5682,14888.0,10507.949
600168.SH,20201027,7.05,7.06,7.0,7.04,7.07,-0.03,-0.4243,15873.39,11152.473
600168.SH,20201026,7.09,7.11,7.02,7.07,7.08,-0.01,-0.1412,14974.0,10576.617
600168.SH,20201023,7.11,7.13,7.07,7.08,7.09,-0.01,-0.141,12835.93,9108.082
600168.SH,20201022,7.13,7.14,7.07,7.09,7.13,-0.04,-0.561,14443.3,10243.799
600168.SH,20201021,7.22,7.22,7.1,7.13,7.22,-0.09,-1.2465,16886.93,12062.12
600168.SH,20201020,7.2,7.22,7.12,7.22,7.19,0.03,0.4172,15472.83,11087.106
600168.SH,20201019,7.26,7.3,7.17,7.19,7.26,-0.07,-0.9642,22994.83,16634.496
600168.SH,20201016,7.19,7.29,7.19,7.26,7.19,0.07,0.9736,15650.46,11330.153
600168.SH,20201015,7.25,7.29,7.19,7.19,7.28,-0.09,-1.2363,23344.28,16882.629
600168.SH,20201014,7.36,7.36,7.26,7.28,7.36,-0.08,-1.087,25955.93,18922.214
600168.SH,20201013,7.41,7.43,7.3,7.36,7.44,-0.08,-1.0753,31012.15,22820.034
600168.SH,20201012,7.35,7.44,7.33,7.44,7.35,0.09,1.2245,35656.46,26419.879
600168.SH,20201009,7.28,7.36,7.24,7.35,7.19,0.16,2.2253,28785.06,21073.755
600168.SH,20200930,7.26,7.35,7.17,7.19,7.28,-0.09,-1.2363,23362.01,16953.948
600168.SH,20200929,7.12,7.33,7.09,7.28,7.15,0.13,1.8182,34225.53,24821.093
600168.SH,20200928,7.09,7.27,7.09,7.15,7.11,0.04,0.5626,22469.46,16147.414
600168.SH,20200925,7.17,7.18,7.0,7.11,7.12,-0.01,-0.1404,15094.0,10728.609
600168.SH,20200924,7.22,7.26,7.1,7.12,7.28,-0.16,-2.1978,33907.01,24317.832
600168.SH,20200923,7.33,7.34,7.25,7.28,7.31,-0.03,-0.4104,19884.0,14470.562
600168.SH,20200922,7.36,7.37,7.28,7.31,7.39,-0.08,-1.0825,27101.99,19838.61
600168.SH,20200921,7.39,7.43,7.35,7.39,7.39,0.0,0.0,21824.0,16129.522
600168.SH,20200918,7.31,7.41,7.29,7.39,7.3,0.09,1.2329,24485.02,18008.542
600168.SH,20200917,7.34,7.38,7.27,7.3,7.38,-0.08,-1.084,28846.12,21083.074
600168.SH,20200916,7.43,7.44,7.35,7.38,7.39,-0.01,-0.1353,18145.01,13397.311
600168.SH,20200915,7.38,7.4,7.32,7.39,7.37,0.02,0.2714,22189.32,16314.514
600168.SH,20200914,7.49,7.5,7.42,7.48,7.45,0.03,0.4027,29300.56,21849.181
600168.SH,20200911,7.36,7.48,7.35,7.45,7.37,0.08,1.0855,27733.46,20581.461
600168.SH,20200910,7.65,7.68,7.34,7.37,7.61,-0.24,-3.1537,58228.18,43603.185
600168.SH,20200909,7.7,7.74,7.61,7.61,7.74,-0.13,-1.6796,45728.22,35077.059
600168.SH,20200908,7.66,7.76,7.64,7.74,7.68,0.06,0.7813,34030.04,26224.307
600168.SH,20200907,7.78,7.81,7.66,7.68,7.75,-0.07,-0.9032,50252.09,38810.441
600168.SH,20200904,7.78,7.8,7.69,7.75,7.86,-0.11,-1.3995,54743.35,42328.263
600168.SH,20200903,8.04,8.04,7.85,7.86,8.02,-0.16,-1.995,63683.0,50517.538
600168.SH,20200902,7.96,8.02,7.9,8.02,7.99,0.03,0.3755,68310.73,54457.304
600168.SH,20200901,7.91,7.99,7.87,7.99,7.92,0.07,0.8838,45929.05,36380.522
600168.SH,20200831,7.94,8.05,7.91,7.92,7.95,-0.03,-0.3774,65898.72,52574.098
600168.SH,20200828,7.98,8.01,7.84,7.95,8.0,-0.05,-0.625,73016.0,57876.809
600168.SH,20200827,8.1,8.18,7.9,8.0,8.08,-0.08,-0.9901,80737.52,64496.316
600168.SH,20200826,7.95,8.25,7.93,8.08,7.95,0.13,1.6352,143466.93,116507.637
600168.SH,20200825,8.15,8.18,7.92,7.95,8.25,-0.3,-3.6364,120290.44,96822.417
600168.SH,20200824,8.11,8.56,7.94,8.25,8.16,0.09,1.1029,207473.01,168850.418
600168.SH,20200821,8.21,8.59,8.13,8.16,8.08,0.08,0.9901,221095.99,183648.38
600168.SH,20200820,8.01,8.25,7.99,8.08,8.08,0.0,0.0,128202.05,104246.392
600168.SH,20200819,8.0,8.22,7.92,8.08,8.05,0.03,0.3727,162528.17,131480.747
600168.SH,20200818,8.05,8.25,8.03,8.05,7.95,0.1,1.2579,171362.77,139318.327
600168.SH,20200817,7.81,7.97,7.75,7.95,7.81,0.14,1.7926,96542.32,76274.412
600168.SH,20200814,7.76,7.83,7.7,7.81,7.77,0.04,0.5148,51862.32,40306.828
600168.SH,20200813,7.81,7.83,7.72,7.77,7.86,-0.09,-1.145,66487.78,51735.937
600168.SH,20200812,7.52,7.99,7.49,7.86,7.57,0.29,3.8309,124924.86,96918.101
600168.SH,20200811,7.65,7.69,7.54,7.57,7.65,-0.08,-1.0458,58442.8,44576.639
600168.SH,20200810,7.57,7.69,7.56,7.65,7.58,0.07,0.9235,53779.83,41032.755
600168.SH,20200807,7.76,7.8,7.53,7.58,7.81,-0.23,-2.9449,91635.31,69930.19
600168.SH,20200806,7.95,7.97,7.78,7.81,7.95,-0.14,-1.761,79176.76,62080.644
600168.SH,20200805,7.99,7.99,7.88,7.95,8.0,-0.05,-0.625,71389.65,56559.064
600168.SH,20200804,7.92,8.04,7.82,8.0,7.92,0.08,1.0101,136529.72,108561.136
600168.SH,20200803,7.88,7.94,7.79,7.92,7.79,0.13,1.6688,92603.46,72898.484
600168.SH,20200731,7.72,7.92,7.69,7.79,7.67,0.12,1.5645,72329.42,56399.202
600168.SH,20200730,7.72,7.73,7.64,7.67,7.74,-0.07,-0.9044,60802.58,46722.698
600168.SH,20200729,7.57,7.74,7.5,7.74,7.57,0.17,2.2457,66375.24,50696.928
600168.SH,20200728,7.56,7.6,7.49,7.57,7.52,0.05,0.6649,47376.48,35705.77
600168.SH,20200727,7.65,7.7,7.43,7.52,7.65,-0.13,-1.6993,72087.29,54276.576
600168.SH,20200724,7.91,7.99,7.61,7.65,7.98,-0.33,-4.1353,114230.35,88846.52
600168.SH,20200723,7.9,8.02,7.79,7.98,8.03,-0.05,-0.6227,106097.95,83890.262
600168.SH,20200722,8.14,8.16,7.95,8.03,8.14,-0.11,-1.3514,136031.4,109374.824
600168.SH,20200721,8.38,8.38,8.04,8.14,8.38,-0.24,-2.864,199370.83,163248.784
600168.SH,20200720,8.39,8.8,8.29,8.38,8.22,0.16,1.9465,323016.96,272567.214
600168.SH,20200717,7.62,8.35,7.62,8.22,7.6,0.62,8.1579,264929.12,212871.91
600168.SH,20200716,7.93,8.0,7.51,7.6,7.87,-0.27,-3.4307,113273.97,88605.67
600168.SH,20200715,8.11,8.15,7.8,7.87,8.15,-0.28,-3.4356,140473.37,111694.118
600168.SH,20200714,8.3,8.43,8.01,8.15,8.24,-0.09,-1.0922,224117.16,183725.535
600168.SH,20200713,7.86,8.25,7.86,8.24,7.77,0.47,6.0489,261069.01,212169.396
600168.SH,20200710,7.9,7.9,7.75,7.77,7.88,-0.11,-1.3959,148370.56,116118.639
600168.SH,20200709,7.72,7.95,7.67,7.88,7.73,0.15,1.9405,188101.95,147400.556
600168.SH,20200708,7.55,7.77,7.53,7.73,7.63,0.1,1.3106,168181.28,128838.648
600168.SH,20200707,7.67,7.69,7.41,7.63,7.6,0.03,0.3947,183486.72,139174.885
600168.SH,20200706,7.49,7.63,7.41,7.6,7.31,0.29,3.9672,173204.33,130260.698
600168.SH,20200703,7.23,7.33,7.22,7.31,7.23,0.08,1.1065,100239.12,72955.013
600168.SH,20200702,7.06,7.26,7.02,7.23,7.07,0.16,2.2631,79529.83,56963.077
600168.SH,20200701,7.1,7.12,7.02,7.07,7.08,-0.01,-0.1412,40419.27,28557.069
600168.SH,20200630,7.0,7.08,7.0,7.08,6.98,0.1,1.4327,37159.0,26223.164
600168.SH,20200629,7.09,7.12,6.96,6.98,7.09,-0.11,-1.5515,51767.65,36354.51
600168.SH,20200624,7.2,7.21,7.07,7.09,7.16,-0.07,-0.9777,49291.65,35130.544
600168.SH,20200623,7.23,7.25,7.16,7.16,7.25,-0.09,-1.2414,51996.02,37459.256
600168.SH,20200622,7.27,7.28,7.23,7.25,7.27,-0.02,-0.2751,49421.29,35861.389
600168.SH,20200619,7.27,7.3,7.25,7.27,7.27,0.0,0.0,44376.16,32272.022
600168.SH,20200618,7.26,7.33,7.24,7.27,7.28,-0.01,-0.1374,43956.96,32041.91
600168.SH,20200617,7.33,7.33,7.23,7.28,7.33,-0.05,-0.6821,45820.51,33287.254
600168.SH,20200616,7.25,7.33,7.21,7.33,7.23,0.1,1.3831,46480.95,33846.597
600168.SH,20200615,7.28,7.35,7.22,7.23,7.31,-0.08,-1.0944,51612.88,37560.951
600168.SH,20200612,7.19,7.35,7.14,7.31,7.31,0.0,0.0,50898.0,36917.095
600168.SH,20200611,7.41,7.44,7.3,7.31,7.45,-0.14,-1.8792,72045.65,53006.322
600168.SH,20200610,7.55,7.55,7.42,7.45,7.55,-0.1,-1.3245,58684.01,43760.985
600168.SH,20200609,7.49,7.63,7.45,7.55,7.53,0.02,0.2656,70821.0,53502.653
600168.SH,20200608,7.52,7.68,7.46,7.53,7.77,-0.24,-3.0888,128424.83,96783.988
600168.SH,20200605,7.67,8.05,7.6,7.77,7.43,0.34,4.576,265110.11,207447.686
600168.SH,20200604,7.66,7.66,7.39,7.43,7.53,-0.1,-1.328,82733.74,61844.061
600168.SH,20200603,7.4,7.64,7.38,7.53,7.36,0.17,2.3098,132169.14,99308.85
600168.SH,20200602,7.38,7.43,7.32,7.36,7.38,-0.02,-0.271,64243.48,47310.855
600168.SH,20200601,7.22,7.38,7.22,7.38,7.22,0.16,2.2161,70825.17,51931.405
600168.SH,20200529,7.22,7.27,7.15,7.22,7.22,0.0,0.0,46472.34,33525.336
600168.SH,20200528,7.29,7.38,7.12,7.22,7.28,-0.06,-0.8242,64502.06,46617.329
600168.SH,20200527,7.44,7.45,7.25,7.28,7.43,-0.15,-2.0188,82379.25,60237.49
600168.SH,20200526,7.37,7.45,7.36,7.43,7.36,0.07,0.9511,64214.67,47584.889
600168.SH,20200525,7.7,7.78,7.24,7.36,7.83,-0.47,-6.0026,152360.33,113910.184
600168.SH,20200522,8.1,8.21,7.7,7.83,8.19,-0.36,-4.3956,197508.67,156949.474
600168.SH,20200521,7.84,8.23,7.74,8.19,7.84,0.35,4.4643,246434.98,198031.043
600168.SH,20200520,7.77,7.9,7.6,7.84,7.79,0.05,0.6418,119491.17,92492.839
600168.SH,20200519,8.0,8.03,7.5,7.79,7.96,-0.17,-2.1357,111205.83,87325.911
600168.SH,20200518,7.76,7.99,7.71,7.96,7.72,0.24,3.1088,136568.06,107723.776
600168.SH,20200515,7.7,7.85,7.65,7.72,7.68,0.04,0.5208,81432.07,63130.286
600168.SH,20200514,7.81,7.83,7.66,7.68,7.87,-0.19,-2.4142,87438.48,67644.745
600168.SH,20200513,7.98,7.99,7.79,7.87,8.01,-0.14,-1.7478,97177.52,76419.419
600168.SH,20200512,7.94,8.08,7.81,8.01,7.95,0.06,0.7547,112372.0,89183.747
600168.SH,20200511,8.1,8.25,7.85,7.95,8.09,-0.14,-1.7305,141100.61,113066.766
600168.SH,20200508,8.23,8.32,8.06,8.09,8.15,-0.06,-0.7362,162211.09,132481.063
600168.SH,20200507,8.53,8.54,8.12,8.15,8.47,-0.32,-3.778,186374.66,154765.27
600168.SH,20200506,8.44,8.62,8.36,8.47,8.42,0.05,0.5938,212918.27,180262.761
600168.SH,20200430,7.99,8.55,7.92,8.42,7.82,0.6,7.6726,346536.82,287673.398
600168.SH,20200429,7.49,7.83,7.42,7.82,7.55,0.27,3.5762,175600.04,135339.489
600168.SH,20200428,8.31,8.4,7.52,7.55,8.36,-0.81,-9.689,273362.82,212461.681
600168.SH,20200427,8.33,8.68,8.3,8.36,8.33,0.03,0.3601,167506.23,142254.767
600168.SH,20200424,8.75,8.89,8.23,8.33,8.88,-0.55,-6.1937,281484.77,239534.524
600168.SH,20200423,8.53,8.94,8.42,8.88,8.54,0.34,3.9813,392234.39,343784.576
600168.SH,20200422,8.4,8.63,8.26,8.54,8.51,0.03,0.3525,230295.3,194676.878
600168.SH,20200421,8.52,8.73,8.38,8.51,8.75,-0.24,-2.7429,251696.89,214841.86
600168.SH,20200420,8.37,8.97,8.28,8.75,8.47,0.28,3.3058,384282.11,335638.668
600168.SH,20200417,8.35,8.76,8.2,8.47,8.35,0.12,1.4371,289167.5,245700.393
600168.SH,20200416,8.55,8.85,8.33,8.35,8.7,-0.35,-4.023,305186.16,260808.744
600168.SH,20200415,8.36,8.87,8.27,8.7,8.46,0.24,2.8369,365824.73,313806.556
600168.SH,20200414,8.4,8.59,8.25,8.46,8.59,-0.13,-1.5134,325664.16,272915.99
600168.SH,20200413,8.0,8.98,7.89,8.59,8.28,0.31,3.744,581859.1,494236.196
600168.SH,20200410,7.55,8.28,7.35,8.28,7.53,0.75,9.9602,448436.15,353036.402
600168.SH,20200409,7.65,7.72,7.51,7.53,7.61,-0.08,-1.0512,139248.97,105585.743
600168.SH,20200408,7.8,7.88,7.57,7.61,7.77,-0.16,-2.0592,184944.96,142813.822
600168.SH,20200407,7.53,7.79,7.45,7.77,7.4,0.37,5.0,207853.6,159235.075
600168.SH,20200403,7.33,7.41,7.27,7.4,7.35,0.05,0.6803,88437.0,65052.4
600168.SH,20200402,7.0,7.37,7.0,7.35,7.23,0.12,1.6598,108566.72,78474.17
600168.SH,20200401,7.35,7.47,7.22,7.23,7.38,-0.15,-2.0325,98073.5,71854.297
600168.SH,20200331,7.7,7.77,7.37,7.38,7.6,-0.22,-2.8947,133833.14,100623.149
600168.SH,20200330,7.45,7.8,7.21,7.6,7.66,-0.06,-0.7833,189265.73,143181.198
600168.SH,20200327,7.68,7.89,7.64,7.66,7.75,-0.09,-1.1613,186249.65,144530.868
600168.SH,20200326,7.48,8.03,7.38,7.75,7.57,0.18,2.3778,214367.35,164675.607
600168.SH,20200325,7.68,7.7,7.45,7.57,7.48,0.09,1.2032,179985.81,136206.058
600168.SH,20200324,7.25,7.57,7.15,7.48,7.12,0.36,5.0562,191086.64,140643.07
600168.SH,20200323,7.47,7.55,7.09,7.12,7.64,-0.52,-6.8063,173832.58,127450.813
600168.SH,20200320,7.53,7.74,7.45,7.64,7.55,0.09,1.1921,189081.39,143963.128
600168.SH,20200319,7.18,7.73,7.16,7.55,7.26,0.29,3.9945,248259.84,184321.785
600168.SH,20200318,7.73,7.83,7.25,7.26,7.64,-0.38,-4.9738,260649.59,197145.709
600168.SH,20200317,7.9,8.14,7.36,7.64,8.06,-0.42,-5.2109,307360.4,236896.958
600168.SH,20200316,8.96,9.0,8.06,8.06,8.95,-0.89,-9.9441,467309.32,394047.761
600168.SH,20200313,8.95,9.34,8.95,8.95,9.94,-0.99,-9.9598,678792.14,612087.361
600168.SH,20200312,10.17,11.3,9.85,9.94,10.3,-0.36,-3.4951,986111.07,1034111.455
600168.SH,20200311,10.01,10.3,9.7,10.3,9.36,0.94,10.0427,861276.77,882266.148
600168.SH,20200310,8.32,9.36,8.0,9.36,8.51,0.85,9.9882,326829.3,290946.353
600168.SH,20200309,8.68,8.93,8.48,8.51,8.91,-0.4,-4.4893,190183.3,164509.103
600168.SH,20200306,8.88,9.07,8.83,8.91,9.17,-0.26,-2.8353,235359.91,210434.3
600168.SH,20200305,8.78,9.33,8.61,9.17,8.67,0.5,5.767,474178.68,427667.394
600168.SH,20200304,8.67,8.82,8.42,8.67,8.66,0.01,0.1155,294901.46,254064.374
600168.SH,20200303,8.52,8.69,8.27,8.66,8.47,0.19,2.2432,363695.74,308930.197
600168.SH,20200302,8.0,8.54,7.96,8.47,8.02,0.45,5.611,329341.65,274682.654
600168.SH,20200228,7.9,8.59,7.84,8.02,8.1,-0.08,-0.9877,340295.01,281173.205
600168.SH,20200227,8.04,8.1,7.83,8.1,7.95,0.15,1.8868,154544.66,123787.028
600168.SH,20200226,8.02,8.26,7.91,7.95,8.12,-0.17,-2.0936,211176.34,169887.969
600168.SH,20200225,8.2,8.22,7.68,8.12,8.41,-0.29,-3.4483,386383.61,310597.123
600168.SH,20200224,8.31,8.62,8.16,8.41,8.35,0.06,0.7186,297682.85,250507.093
600168.SH,20200221,8.35,8.52,8.21,8.35,8.6,-0.25,-2.907,384433.5,320678.236
600168.SH,20200220,9.05,9.44,8.43,8.6,8.9,-0.3,-3.3708,597162.34,526026.559
600168.SH,20200219,8.03,8.9,7.91,8.9,8.09,0.81,10.0124,633870.67,546872.657
600168.SH,20200218,8.1,8.3,7.84,8.09,8.16,-0.07,-0.8578,361043.82,290814.736
600168.SH,20200217,8.11,8.43,8.05,8.16,8.28,-0.12,-1.4493,374318.14,307684.875
600168.SH,20200214,7.7,8.68,7.58,8.28,7.96,0.32,4.0201,474812.17,383692.567
600168.SH,20200213,7.4,8.17,7.13,7.96,7.44,0.52,6.9892,417022.12,319750.649
600168.SH,20200212,7.13,7.66,7.13,7.44,7.55,-0.11,-1.457,254496.23,187675.35
600168.SH,20200211,8.2,8.2,7.55,7.55,8.39,-0.84,-10.0119,422069.77,326076.841
600168.SH,20200210,8.39,8.39,7.85,8.39,7.63,0.76,9.9607,576142.61,475637.568
600168.SH,20200207,7.25,7.63,7.18,7.63,6.94,0.69,9.9424,391105.85,292337.168
600168.SH,20200206,6.3,6.94,6.24,6.94,6.31,0.63,9.9842,90479.7,61024.99
600168.SH,20200205,6.25,6.44,6.21,6.31,6.31,0.0,0.0,42485.99,26863.892
600168.SH,20200204,5.74,6.4,5.6,6.31,5.87,0.44,7.4957,66072.56,40432.935
600168.SH,20200203,5.88,6.06,5.87,5.87,6.52,-0.65,-9.9693,62519.55,36993.126
600168.SH,20200123,6.67,6.67,6.44,6.52,6.69,-0.17,-2.5411,29861.24,19533.539
600168.SH,20200122,6.74,6.74,6.64,6.69,6.76,-0.07,-1.0355,17815.89,11908.028
600168.SH,20200121,6.78,6.82,6.7,6.76,6.8,-0.04,-0.5882,12960.61,8763.868
600168.SH,20200120,6.75,6.82,6.74,6.8,6.76,0.04,0.5917,12425.01,8424.277
600168.SH,20200117,6.8,6.81,6.76,6.76,6.79,-0.03,-0.4418,11029.53,7474.692
600168.SH,20200116,6.83,6.84,6.77,6.79,6.83,-0.04,-0.5857,17132.98,11648.316
600168.SH,20200115,6.9,6.91,6.83,6.83,6.9,-0.07,-1.0145,14654.14,10049.543
600168.SH,20200114,6.87,6.95,6.84,6.9,6.87,0.03,0.4367,26198.54,18080.525
600168.SH,20200113,6.83,6.87,6.78,6.87,6.81,0.06,0.8811,15747.28,10758.237
600168.SH,20200110,6.87,6.89,6.8,6.81,6.89,-0.08,-1.1611,25106.87,17168.99
600168.SH,20200109,6.86,6.89,6.8,6.89,6.93,-0.04,-0.5772,65759.78,44986.404
600168.SH,20200108,6.76,7.18,6.73,6.93,6.79,0.14,2.0619,97834.51,67799.937
600168.SH,20200107,6.75,6.8,6.74,6.79,6.75,0.04,0.5926,22766.91,15392.834
600168.SH,20200106,6.74,6.79,6.72,6.75,6.77,-0.02,-0.2954,23228.31,15687.886
600168.SH,20200103,6.74,6.79,6.7,6.77,6.73,0.04,0.5944,20460.06,13802.479
600168.SH,20200102,6.72,6.74,6.69,6.73,6.69,0.04,0.5979,22053.0,14825.92
600168.SH,20191231,6.67,6.7,6.62,6.69,6.66,0.03,0.4505,12183.98,8114.794
600168.SH,20191230,6.65,6.67,6.57,6.66,6.62,0.04,0.6042,13185.0,8746.173
600168.SH,20191227,6.65,6.69,6.62,6.62,6.64,-0.02,-0.3012,16508.79,10979.215
600168.SH,20191226,6.67,6.67,6.6,6.64,6.64,0.0,0.0,13905.3,9228.507
600168.SH,20191225,6.6,6.67,6.57,6.64,6.57,0.07,1.0654,25490.48,16871.248
600168.SH,20191224,6.52,6.6,6.5,6.57,6.52,0.05,0.7669,11228.0,7349.991
600168.SH,20191223,6.62,6.63,6.5,6.52,6.64,-0.12,-1.8072,16024.0,10495.257
600168.SH,20191220,6.62,6.72,6.6,6.64,6.61,0.03,0.4539,15832.0,10541.604
600168.SH,20191219,6.63,6.63,6.57,6.61,6.61,0.0,0.0,8749.89,5771.775
600168.SH,20191218,6.59,6.64,6.58,6.61,6.6,0.01,0.1515,16250.69,10740.084
600168.SH,20191217,6.56,6.66,6.52,6.6,6.54,0.06,0.9174,19930.28,13117.852
600168.SH,20191216,6.49,6.56,6.46,6.54,6.49,0.05,0.7704,21044.65,13728.687
600168.SH,20191213,6.41,6.51,6.4,6.49,6.41,0.08,1.248,13523.68,8744.801
600168.SH,20191212,6.38,6.45,6.36,6.41,6.39,0.02,0.313,10286.73,6582.001
600168.SH,20191211,6.41,6.41,6.36,6.39,6.41,-0.02,-0.312,8204.26,5236.56
600168.SH,20191210,6.43,6.43,6.38,6.41,6.42,-0.01,-0.1558,10108.5,6462.037
600168.SH,20191209,6.47,6.47,6.4,6.42,6.44,-0.02,-0.3106,8131.53,5222.831
600168.SH,20191206,6.39,6.44,6.37,6.44,6.41,0.03,0.468,11344.53,7270.043
600168.SH,20191205,6.37,6.42,6.34,6.41,6.36,0.05,0.7862,11955.26,7637.526
600168.SH,20191204,6.31,6.38,6.29,6.36,6.32,0.04,0.6329,13932.93,8851.234
600168.SH,20191203,6.28,6.33,6.25,6.32,6.3,0.02,0.3175,6126.0,3851.374
600168.SH,20191202,6.3,6.33,6.27,6.3,6.31,-0.01,-0.1585,10681.0,6719.014
600168.SH,20191129,6.3,6.33,6.24,6.31,6.32,-0.01,-0.1582,9075.77,5707.171
600168.SH,20191128,6.29,6.33,6.27,6.32,6.3,0.02,0.3175,9982.98,6284.012
600168.SH,20191127,6.34,6.34,6.28,6.3,6.33,-0.03,-0.4739,14307.96,9018.0
600168.SH,20191126,6.36,6.38,6.3,6.33,6.34,-0.01,-0.1577,16867.01,10704.703
600168.SH,20191125,6.3,6.35,6.26,6.34,6.29,0.05,0.7949,20980.82,13270.371
600168.SH,20191122,6.31,6.35,6.24,6.29,6.3,-0.01,-0.1587,18666.0,11740.274
600168.SH,20191121,6.37,6.37,6.29,6.3,6.37,-0.07,-1.0989,18869.84,11934.543
600168.SH,20191120,6.42,6.42,6.35,6.37,6.4,-0.03,-0.4688,7459.1,4758.199
600168.SH,20191119,6.35,6.42,6.33,6.4,6.36,0.04,0.6289,11352.06,7251.858
600168.SH,20191118,6.42,6.42,6.33,6.36,6.44,-0.08,-1.2422,13405.06,8535.673
600168.SH,20191115,6.63,6.63,6.42,6.44,6.49,-0.05,-0.7704,11744.04,7627.301
600168.SH,20191114,6.49,6.49,6.43,6.49,6.47,0.02,0.3091,7478.02,4837.353
600168.SH,20191113,6.5,6.51,6.44,6.47,6.48,-0.01,-0.1543,5897.24,3818.678
600168.SH,20191112,6.48,6.54,6.44,6.48,6.53,-0.05,-0.7657,11464.28,7417.405
600168.SH,20191111,6.64,6.64,6.5,6.53,6.7,-0.17,-2.5373,18291.0,11984.572
600168.SH,20191108,6.78,6.8,6.66,6.7,6.76,-0.06,-0.8876,15024.29,10104.198
600168.SH,20191107,6.76,6.8,6.73,6.76,6.76,0.0,0.0,7067.0,4777.961
600168.SH,20191106,6.84,6.84,6.71,6.76,6.84,-0.08,-1.1696,11883.0,8037.325
600168.SH,20191105,6.83,6.84,6.78,6.84,6.81,0.03,0.4405,9780.94,6668.922
600168.SH,20191104,6.8,6.85,6.74,6.81,6.83,-0.02,-0.2928,15691.48,10683.205
600168.SH,20191101,6.76,6.85,6.74,6.83,6.79,0.04,0.5891,10934.84,7440.031
600168.SH,20191031,6.89,6.95,6.77,6.79,6.87,-0.08,-1.1645,20688.37,14084.196
600168.SH,20191030,7.0,7.02,6.83,6.87,7.02,-0.15,-2.1368,19675.24,13619.766
600168.SH,20191029,7.09,7.09,7.0,7.02,7.06,-0.04,-0.5666,18106.0,12724.579
600168.SH,20191028,6.95,7.11,6.92,7.06,6.97,0.09,1.2912,25002.24,17522.852
600168.SH,20191025,6.94,6.97,6.88,6.97,6.94,0.03,0.4323,9230.8,6396.135
600168.SH,20191024,6.93,6.95,6.89,6.94,6.92,0.02,0.289,11263.0,7802.06
600168.SH,20191023,6.89,6.92,6.85,6.92,6.88,0.04,0.5814,14046.03,9685.076
600168.SH,20191022,6.86,6.94,6.85,6.88,6.86,0.02,0.2915,12552.0,8646.405
600168.SH,20191021,6.95,6.98,6.82,6.86,6.95,-0.09,-1.295,12987.01,8918.639
600168.SH,20191018,7.09,7.09,6.89,6.95,7.07,-0.12,-1.6973,21634.0,15122.59
600168.SH,20191017,7.02,7.1,7.0,7.07,7.05,0.02,0.2837,21195.14,14965.033
600168.SH,20191016,7.01,7.07,6.98,7.05,7.01,0.04,0.5706,18683.2,13141.458
600168.SH,20191015,7.0,7.06,6.94,7.01,7.01,0.0,0.0,17466.34,12251.656
600168.SH,20191014,6.88,7.02,6.88,7.01,6.86,0.15,2.1866,20630.05,14348.529
600168.SH,20191011,6.82,6.87,6.77,6.86,6.82,0.04,0.5865,12330.01,8428.245
600168.SH,20191010,6.75,6.86,6.73,6.82,6.78,0.04,0.59,12328.94,8385.198
600168.SH,20191009,6.74,6.79,6.62,6.78,6.74,0.04,0.5935,11289.69,7600.052
600168.SH,20191008,6.72,6.76,6.67,6.74,6.7,0.04,0.597,7159.02,4817.171
600168.SH,20190930,6.73,6.76,6.6,6.7,6.73,-0.03,-0.4458,12716.69,8487.516
600168.SH,20190927,6.73,6.77,6.7,6.73,6.74,-0.01,-0.1484,9751.39,6554.832
600168.SH,20190926,6.78,6.81,6.71,6.74,6.74,0.0,0.0,10874.02,7354.831
600168.SH,20190925,6.85,6.9,6.74,6.74,6.87,-0.13,-1.8923,18506.0,12584.869
600168.SH,20190924,6.85,6.93,6.85,6.87,6.87,0.0,0.0,14229.88,9812.331
600168.SH,20190923,7.01,7.01,6.83,6.87,6.97,-0.1,-1.4347,17448.0,11992.595
600168.SH,20190920,6.95,7.03,6.93,6.97,6.97,0.0,0.0,11587.06,8076.115
600168.SH,20190919,7.0,7.0,6.89,6.97,6.97,0.0,0.0,17043.3,11830.896
600168.SH,20190918,6.92,6.99,6.92,6.97,6.91,0.06,0.8683,11487.62,7989.209
600168.SH,20190917,7.03,7.04,6.89,6.91,7.03,-0.12,-1.707,24788.53,17219.295
600168.SH,20190916,7.1,7.14,7.01,7.03,7.11,-0.08,-1.1252,28352.0,19995.284
600168.SH,20190912,6.94,7.15,6.91,7.11,6.94,0.17,2.4496,41352.64,29222.594
600168.SH,20190911,6.9,6.95,6.89,6.94,6.89,0.05,0.7257,20440.01,14151.409
600168.SH,20190910,6.87,6.92,6.83,6.89,6.87,0.02,0.2911,16728.0,11508.878
600168.SH,20190909,6.81,6.87,6.79,6.87,6.77,0.1,1.4771,18358.01,12540.501
600168.SH,20190906,6.77,6.81,6.73,6.77,6.77,0.0,0.0,13019.2,8794.341
600168.SH,20190905,6.75,6.83,6.74,6.77,6.74,0.03,0.4451,25541.31,17384.21
600168.SH,20190904,6.76,6.76,6.68,6.74,6.73,0.01,0.1486,18471.42,12414.462
600168.SH,20190903,6.71,6.76,6.68,6.73,6.72,0.01,0.1488,11140.0,7488.984
600168.SH,20190902,6.59,6.72,6.59,6.72,6.58,0.14,2.1277,13555.04,9051.117
600168.SH,20190830,6.7,6.7,6.54,6.58,6.65,-0.07,-1.0526,10596.02,7010.177
600168.SH,20190829,6.61,6.7,6.6,6.65,6.63,0.02,0.3017,10216.0,6780.313
600168.SH,20190828,6.56,6.71,6.52,6.63,6.56,0.07,1.0671,21725.0,14419.113
600168.SH,20190827,6.43,6.58,6.41,6.56,6.45,0.11,1.7054,13631.0,8908.065
600168.SH,20190826,6.35,6.58,6.35,6.45,6.54,-0.09,-1.3761,7568.62,4867.699
600168.SH,20190823,6.55,6.58,6.51,6.54,6.57,-0.03,-0.4566,7669.61,5015.931
600168.SH,20190822,6.54,6.57,6.51,6.57,6.52,0.05,0.7669,8125.01,5315.805
600168.SH,20190821,6.52,6.54,6.49,6.52,6.53,-0.01,-0.1531,8543.0,5570.145
600168.SH,20190820,6.53,6.6,6.5,6.53,6.53,0.0,0.0,10841.96,7102.29
600168.SH,20190819,6.42,6.55,6.4,6.53,6.41,0.12,1.8721,14848.02,9620.395
600168.SH,20190816,6.36,6.43,6.36,6.41,6.4,0.01,0.1563,11237.03,7187.424
600168.SH,20190815,6.37,6.41,6.29,6.4,6.45,-0.05,-0.7752,11601.43,7352.654
600168.SH,20190814,6.48,6.51,6.39,6.45,6.44,0.01,0.1553,10028.0,6461.988
600168.SH,20190813,6.45,6.46,6.4,6.44,6.45,-0.01,-0.155,2892.1,1859.358
600168.SH,20190812,6.42,6.46,6.41,6.45,6.4,0.05,0.7813,6001.04,3861.485
600168.SH,20190809,6.44,6.5,6.37,6.4,6.43,-0.03,-0.4666,8937.41,5763.143
600168.SH,20190808,6.36,6.45,6.34,6.43,6.34,0.09,1.4196,8999.11,5766.25
600168.SH,20190807,6.46,6.51,6.0,6.34,6.46,-0.12,-1.8576,11633.04,7384.747
600168.SH,20190806,6.49,6.64,6.38,6.46,6.65,-0.19,-2.8571,19140.53,12387.347
600168.SH,20190805,6.64,6.68,6.6,6.65,6.69,-0.04,-0.5979,8307.2,5513.781
600168.SH,20190802,6.65,6.72,6.65,6.69,6.76,-0.07,-1.0355,11459.0,7654.472
600168.SH,20190801,6.74,6.77,6.73,6.76,6.77,-0.01,-0.1477,8214.17,5546.596
600168.SH,20190731,6.82,6.82,6.75,6.77,6.82,-0.05,-0.7331,5959.01,4033.221
600168.SH,20190730,6.77,6.84,6.74,6.82,6.75,0.07,1.037,12854.0,8747.877
600168.SH,20190729,6.76,6.78,6.71,6.75,6.75,0.0,0.0,5273.42,3553.427
600168.SH,20190726,6.76,6.76,6.73,6.75,6.74,0.01,0.1484,5929.08,3998.246
600168.SH,20190725,6.76,6.77,6.72,6.74,6.76,-0.02,-0.2959,8950.08,6032.759
600168.SH,20190724,6.76,6.81,6.74,6.76,6.73,0.03,0.4458,7812.09,5292.551
600168.SH,20190723,6.71,6.76,6.71,6.73,6.72,0.01,0.1488,8162.17,5494.773
600168.SH,20190722,6.89,6.89,6.72,6.72,6.89,-0.17,-2.4673,12860.0,8692.412
600168.SH,20190719,6.86,6.95,6.86,6.89,6.86,0.03,0.4373,8112.0,5600.605
600168.SH,20190718,6.97,6.97,6.84,6.86,6.95,-0.09,-1.295,9743.0,6700.028
600168.SH,20190717,6.98,6.98,6.91,6.95,6.93,0.02,0.2886,7029.1,4879.508
600168.SH,20190716,7.0,7.0,6.9,6.93,6.98,-0.05,-0.7163,10986.81,7626.586
600168.SH,20190715,6.94,6.98,6.85,6.98,6.91,0.07,1.013,8769.01,6072.917
600168.SH,20190712,6.87,6.96,6.87,6.91,6.87,0.04,0.5822,8686.01,6007.212
600168.SH,20190711,6.92,6.96,6.86,6.87,6.89,-0.02,-0.2903,7547.0,5220.155
600168.SH,20190710,6.99,6.99,6.85,6.89,6.92,-0.03,-0.4335,13073.01,9030.376
600168.SH,20190709,7.1,7.1,6.98,7.04,7.08,-0.04,-0.565,18099.0,12744.2
600168.SH,20190708,7.35,7.35,7.03,7.08,7.38,-0.3,-4.065,38315.8,27406.864
600168.SH,20190705,7.47,7.48,7.34,7.38,7.48,-0.1,-1.3369,27958.53,20629.519
600168.SH,20190704,7.42,7.5,7.32,7.48,7.41,0.07,0.9447,45077.0,33473.466
600168.SH,20190703,7.4,7.5,7.34,7.41,7.39,0.02,0.2706,35628.69,26514.336
600168.SH,20190702,7.41,7.42,7.36,7.39,7.4,-0.01,-0.1351,15752.92,11623.882
600168.SH,20190701,7.33,7.43,7.33,7.4,7.26,0.14,1.9284,29235.84,21556.083
600168.SH,20190628,7.29,7.33,7.2,7.26,7.25,0.01,0.1379,29823.04,21648.0
600168.SH,20190627,7.43,7.5,7.23,7.25,7.45,-0.2,-2.6846,43360.71,31896.417
600168.SH,20190626,7.46,7.54,7.41,7.45,7.45,0.0,0.0,17321.73,12932.824
600168.SH,20190625,7.43,7.47,7.32,7.45,7.43,0.02,0.2692,20732.01,15346.176
600168.SH,20190624,7.46,7.49,7.4,7.43,7.53,-0.1,-1.328,28545.25,21228.741
600168.SH,20190621,7.35,7.66,7.31,7.53,7.35,0.18,2.449,74503.35,55759.773
600168.SH,20190620,7.2,7.35,7.19,7.35,7.19,0.16,2.2253,42497.03,30942.682
600168.SH,20190619,7.26,7.35,7.15,7.19,7.2,-0.01,-0.1389,34684.0,24993.861
600168.SH,20190618,7.19,7.21,7.14,7.2,7.18,0.02,0.2786,11865.94,8525.494
600168.SH,20190617,7.2,7.22,7.1,7.18,7.17,0.01,0.1395,14380.25,10319.131
600168.SH,20190614,7.42,7.45,7.15,7.17,7.22,-0.05,-0.6925,36457.27,26492.106
600168.SH,20190613,7.16,7.29,7.16,7.22,7.17,0.05,0.6974,27242.19,19703.451
600168.SH,20190612,7.25,7.27,7.15,7.17,7.25,-0.08,-1.1034,21154.6,15236.32
600168.SH,20190611,7.06,7.26,7.06,7.25,7.09,0.16,2.2567,38021.16,27325.46
600168.SH,20190610,6.97,7.11,6.97,7.09,6.98,0.11,1.5759,9445.75,6660.242
600168.SH,20190606,7.1,7.15,6.91,6.98,7.13,-0.15,-2.1038,15154.0,10642.388
600168.SH,20190605,7.16,7.22,7.11,7.13,7.15,-0.02,-0.2797,12936.0,9248.848
600168.SH,20190604,7.1,7.24,7.1,7.15,7.14,0.01,0.1401,16704.44,11954.553
600168.SH,20190603,7.15,7.17,7.01,7.14,7.12,0.02,0.2809,22880.97,16292.648
600168.SH,20190531,7.13,7.18,7.08,7.12,7.13,-0.01,-0.1403,14774.22,10510.026
600168.SH,20190530,7.17,7.19,7.06,7.13,7.19,-0.06,-0.8345,32683.23,23312.202
600168.SH,20190529,7.08,7.21,7.05,7.19,7.05,0.14,1.9858,35217.54,25228.423
600168.SH,20190528,6.95,7.17,6.89,7.05,6.95,0.1,1.4388,45982.78,32523.159
600168.SH,20190527,6.8,6.96,6.78,6.95,6.82,0.13,1.9062,17252.33,11918.785
600168.SH,20190524,6.82,6.88,6.74,6.82,6.86,-0.04,-0.5831,11403.7,7753.039
600168.SH,20190523,6.95,7.0,6.83,6.86,7.03,-0.17,-2.4182,22749.23,15671.332
600168.SH,20190522,6.88,7.15,6.81,7.03,6.88,0.15,2.1802,38317.19,26778.024
600168.SH,20190521,6.69,6.95,6.68,6.88,6.68,0.2,2.994,15384.72,10478.324
600168.SH,20190520,6.76,6.87,6.62,6.68,6.75,-0.07,-1.037,18418.27,12309.444
600168.SH,20190517,7.0,7.0,6.75,6.75,6.98,-0.23,-3.2951,21337.01,14622.03
600168.SH,20190516,6.89,6.98,6.88,6.98,6.93,0.05,0.7215,20865.56,14461.772
600168.SH,20190515,6.83,6.95,6.83,6.93,6.79,0.14,2.0619,20151.75,13885.708
600168.SH,20190514,6.85,6.9,6.75,6.79,6.9,-0.11,-1.5942,19100.4,13074.231
600168.SH,20190513,6.87,6.95,6.85,6.9,6.97,-0.07,-1.0043,21608.0,14915.646
600168.SH,20190510,6.77,6.97,6.74,6.97,6.76,0.21,3.1065,31344.65,21504.869
600168.SH,20190509,6.76,6.83,6.72,6.76,6.72,0.04,0.5952,15902.46,10757.802
600168.SH,20190508,6.71,6.83,6.57,6.72,6.81,-0.09,-1.3216,17646.0,11883.689
600168.SH,20190507,6.81,7.0,6.71,6.81,6.8,0.01,0.1471,28570.7,19463.953
600168.SH,20190506,7.1,7.17,6.72,6.8,7.2,-0.4,-5.5556,45945.18,31788.626
600168.SH,20190430,7.1,7.22,7.06,7.2,7.05,0.15,2.1277,29832.95,21311.186
600168.SH,20190429,7.35,7.38,7.01,7.05,7.3,-0.25,-3.4247,43905.38,31396.048
600168.SH,20190426,7.45,7.55,7.28,7.3,7.5,-0.2,-2.6667,43322.45,32008.858
600168.SH,20190425,7.84,7.91,7.5,7.5,7.82,-0.32,-4.0921,52124.71,40164.965
600168.SH,20190424,7.75,7.87,7.68,7.82,7.78,0.04,0.5141,34937.44,27176.774
600168.SH,20190423,7.97,8.04,7.73,7.78,7.96,-0.18,-2.2613,86930.49,67951.299
600168.SH,20190422,8.1,8.16,7.96,7.96,8.13,-0.17,-2.091,67947.76,54707.931
600168.SH,20190419,8.11,8.22,7.99,8.13,8.21,-0.08,-0.9744,59838.01,48438.968
600168.SH,20190418,7.95,8.21,7.87,8.21,7.91,0.3,3.7927,101383.39,81916.289
600168.SH,20190417,7.98,8.05,7.88,7.91,7.98,-0.07,-0.8772,52948.92,42066.476
600168.SH,20190416,7.75,8.03,7.72,7.98,7.79,0.19,2.439,101171.85,80546.297
600168.SH,20190415,7.86,8.08,7.77,7.79,7.79,0.0,0.0,101823.21,80991.1
600168.SH,20190412,7.57,7.84,7.57,7.79,7.6,0.19,2.5,97200.35,75369.608
600168.SH,20190411,7.67,7.82,7.6,7.6,7.72,-0.12,-1.5544,102440.66,78891.022
600168.SH,20190410,7.57,7.73,7.47,7.72,7.59,0.13,1.7128,95805.5,72947.59
600168.SH,20190409,7.42,7.64,7.32,7.59,7.42,0.17,2.2911,109024.94,82196.287
600168.SH,20190408,7.32,7.44,7.26,7.42,7.31,0.11,1.5048,94015.4,69082.835
600168.SH,20190404,7.24,7.44,7.24,7.31,7.26,0.05,0.6887,71738.1,52732.786
600168.SH,20190403,7.17,7.26,7.12,7.26,7.15,0.11,1.5385,70878.31,51052.408
600168.SH,20190402,7.19,7.25,7.13,7.15,7.17,-0.02,-0.2789,58655.41,42111.927
600168.SH,20190401,7.05,7.22,7.04,7.17,6.93,0.24,3.4632,75845.53,54204.864
600168.SH,20190329,6.83,6.96,6.75,6.93,6.78,0.15,2.2124,49251.0,33833.6
600168.SH,20190328,6.86,6.9,6.77,6.78,6.88,-0.1,-1.4535,31842.09,21722.073
600168.SH,20190327,6.89,6.91,6.82,6.88,6.86,0.02,0.2915,41983.83,28830.264
600168.SH,20190326,7.14,7.14,6.83,6.86,7.1,-0.24,-3.3803,58676.51,40927.327
600168.SH,20190325,7.09,7.25,7.04,7.1,7.17,-0.07,-0.9763,54457.69,39102.952
600168.SH,20190322,7.17,7.19,7.09,7.17,7.19,-0.02,-0.2782,47156.17,33714.382
600168.SH,20190321,7.1,7.22,7.08,7.19,7.1,0.09,1.2676,75821.83,54321.041
600168.SH,20190320,7.09,7.14,6.95,7.1,7.11,-0.01,-0.1406,51762.56,36482.649
600168.SH,20190319,7.2,7.2,7.06,7.11,7.12,-0.01,-0.1404,38976.59,27716.571
600168.SH,20190318,6.92,7.15,6.87,7.12,6.89,0.23,3.3382,60901.21,42971.441
600168.SH,20190315,6.84,6.96,6.84,6.89,6.82,0.07,1.0264,48148.78,33231.469
600168.SH,20190314,7.03,7.12,6.78,6.82,7.09,-0.27,-3.8082,71194.0,49256.278
600168.SH,20190313,7.17,7.19,7.03,7.09,7.17,-0.08,-1.1158,79789.76,56646.06
600168.SH,20190312,7.23,7.32,7.1,7.17,7.19,-0.02,-0.2782,141055.97,101483.689
600168.SH,20190311,7.03,7.22,6.98,7.19,7.01,0.18,2.5678,111787.23,79404.347
600168.SH,20190308,7.28,7.37,7.0,7.01,7.6,-0.59,-7.7632,247685.71,179074.691
600168.SH,20190307,6.89,7.6,6.83,7.6,6.91,0.69,9.9855,335445.86,247519.228
600168.SH,20190306,6.69,6.96,6.68,6.91,6.72,0.19,2.8274,95875.89,65267.373
600168.SH,20190305,6.63,6.75,6.6,6.72,6.64,0.08,1.2048,61987.32,41477.846
600168.SH,20190304,6.56,6.71,6.54,6.64,6.53,0.11,1.6845,69103.28,45857.45
600168.SH,20190301,6.53,6.54,6.46,6.53,6.5,0.03,0.4615,27010.91,17565.884
600168.SH,20190228,6.5,6.57,6.46,6.5,6.5,0.0,0.0,32533.01,21170.887
600168.SH,20190227,6.55,6.63,6.45,6.5,6.55,-0.05,-0.7634,52024.07,34121.782
600168.SH,20190226,6.53,6.65,6.49,6.55,6.55,0.0,0.0,76094.62,50120.128
600168.SH,20190225,6.37,6.57,6.32,6.55,6.31,0.24,3.8035,90034.6,58185.801
600168.SH,20190222,6.21,6.32,6.21,6.31,6.24,0.07,1.1218,32154.51,20150.801
600168.SH,20190221,6.28,6.32,6.22,6.24,6.28,-0.04,-0.6369,35743.14,22440.59
600168.SH,20190220,6.28,6.29,6.23,6.28,6.29,-0.01,-0.159,26884.29,16840.293
600168.SH,20190219,6.27,6.33,6.23,6.29,6.31,-0.02,-0.317,46458.98,29167.989
600168.SH,20190218,6.15,6.33,6.14,6.31,6.21,0.1,1.6103,46336.23,28989.106
600168.SH,20190215,6.07,6.47,6.07,6.21,6.1,0.11,1.8033,65626.43,41109.223
600168.SH,20190214,6.09,6.12,6.06,6.1,6.11,-0.01,-0.1637,20780.36,12647.482
600168.SH,20190213,6.07,6.12,6.03,6.11,6.07,0.04,0.659,29976.81,18257.47
600168.SH,20190212,5.99,6.08,5.99,6.07,6.01,0.06,0.9983,22399.42,13532.017
600168.SH,20190211,5.9,6.02,5.86,6.01,5.9,0.11,1.8644,22165.93,13192.531
600168.SH,20190201,5.87,5.91,5.83,5.9,5.83,0.07,1.2007,10955.68,6439.929
600168.SH,20190131,5.92,5.98,5.77,5.83,5.91,-0.08,-1.3536,12755.04,7475.504
600168.SH,20190130,5.95,5.97,5.91,5.91,5.95,-0.04,-0.6723,7802.56,4633.514
600168.SH,20190129,6.01,6.01,5.85,5.95,6.01,-0.06,-0.9983,15595.01,9262.284
600168.SH,20190128,6.0,6.06,5.98,6.01,5.97,0.04,0.67,17463.0,10510.397
600168.SH,20190125,6.04,6.04,5.97,5.97,6.03,-0.06,-0.995,15023.0,9011.032
600168.SH,20190124,6.05,6.09,6.02,6.03,6.05,-0.02,-0.3306,15809.0,9573.052
600168.SH,20190123,5.98,6.06,5.96,6.05,5.97,0.08,1.34,10557.37,6352.246
600168.SH,20190122,6.02,6.02,5.93,5.97,6.02,-0.05,-0.8306,10996.96,6578.957
600168.SH,20190121,6.02,6.04,5.99,6.02,6.02,0.0,0.0,10941.0,6586.947
600168.SH,20190118,5.99,6.02,5.96,6.02,5.99,0.03,0.5008,7825.11,4700.163
600168.SH,20190117,6.05,6.06,5.98,5.99,6.04,-0.05,-0.8278,9978.6,5990.687
600168.SH,20190116,6.03,6.06,5.99,6.04,6.04,0.0,0.0,8869.36,5346.171
600168.SH,20190115,6.0,6.05,5.98,6.04,6.0,0.04,0.6667,11379.9,6857.646
600168.SH,20190114,5.99,6.04,5.96,6.0,5.99,0.01,0.1669,9597.68,5752.159
600168.SH,20190111,5.95,6.0,5.95,5.99,5.97,0.02,0.335,9504.8,5675.965
600168.SH,20190110,5.98,6.03,5.93,5.97,5.99,-0.02,-0.3339,17502.13,10481.081
600168.SH,20190109,5.95,6.07,5.95,5.99,5.96,0.03,0.5034,19854.11,11989.221
600168.SH,20190108,5.96,5.99,5.94,5.96,5.99,-0.03,-0.5008,7910.01,4718.652
600168.SH,20190107,5.96,6.01,5.92,5.99,5.93,0.06,1.0118,19998.93,11946.044
600168.SH,20190104,5.77,5.94,5.76,5.93,5.84,0.09,1.5411,14764.0,8688.415
600168.SH,20190103,5.77,5.84,5.74,5.84,5.8,0.04,0.6897,7956.01,4616.585
600168.SH,20190102,5.77,5.8,5.73,5.8,5.75,0.05,0.8696,8623.0,4966.814
600168.SH,20181228,5.78,5.82,5.75,5.75,5.75,0.0,0.0,7837.86,4534.671
600168.SH,20181227,5.88,5.89,5.75,5.75,5.81,-0.06,-1.0327,8834.0,5156.566
600168.SH,20181226,5.79,5.84,5.79,5.81,5.8,0.01,0.1724,7942.0,4618.583
600168.SH,20181225,5.88,5.88,5.7,5.8,5.9,-0.1,-1.6949,10410.0,6016.263
600168.SH,20181224,5.82,5.92,5.82,5.9,5.85,0.05,0.8547,7575.0,4457.896
600168.SH,20181221,5.84,5.87,5.76,5.85,5.85,0.0,0.0,11037.35,6421.91
600168.SH,20181220,5.83,5.86,5.81,5.85,5.83,0.02,0.3431,5743.3,3353.409
600168.SH,20181219,5.86,5.87,5.82,5.83,5.86,-0.03,-0.5119,9445.48,5517.839
600168.SH,20181218,5.87,5.89,5.81,5.86,5.89,-0.03,-0.5093,10742.73,6275.578
600168.SH,20181217,5.9,5.98,5.86,5.89,5.93,-0.04,-0.6745,10920.44,6431.756
600168.SH,20181214,5.98,6.04,5.9,5.93,6.01,-0.08,-1.3311,12618.54,7537.734
600168.SH,20181213,5.94,6.05,5.92,6.01,5.95,0.06,1.0084,13589.66,8163.743
600168.SH,20181212,5.95,5.98,5.91,5.95,5.95,0.0,0.0,7942.0,4724.309
600168.SH,20181211,5.98,5.98,5.92,5.95,5.94,0.01,0.1684,6154.88,3661.209
600168.SH,20181210,5.9,5.98,5.9,5.94,5.99,-0.05,-0.8347,11265.01,6696.045
600168.SH,20181207,6.01,6.03,5.98,5.99,6.01,-0.02,-0.3328,10888.69,6533.877
600168.SH,20181206,6.06,6.11,5.97,6.01,6.11,-0.1,-1.6367,20510.89,12387.604
600168.SH,20181205,6.01,6.24,6.0,6.11,6.1,0.01,0.1639,23677.88,14432.439
600168.SH,20181204,6.1,6.11,6.06,6.1,6.08,0.02,0.3289,18434.32,11215.957
600168.SH,20181203,6.04,6.1,6.03,6.08,5.96,0.12,2.0134,32033.28,19452.895
600168.SH,20181130,5.91,5.96,5.86,5.96,5.93,0.03,0.5059,11233.0,6634.453
600168.SH,20181129,6.01,6.06,5.93,5.93,5.98,-0.05,-0.8361,19303.51,11586.332
600168.SH,20181128,5.92,5.98,5.86,5.98,5.91,0.07,1.1844,12599.19,7472.22
600168.SH,20181127,5.99,6.0,5.85,5.91,5.92,-0.01,-0.1689,12702.05,7518.612
600168.SH,20181126,5.91,5.99,5.88,5.92,5.9,0.02,0.339,7135.96,4237.073
600168.SH,20181123,6.12,6.13,5.88,5.9,6.13,-0.23,-3.752,35805.66,21461.461
600168.SH,20181122,6.12,6.17,6.07,6.13,6.12,0.01,0.1634,19771.73,12102.796
600168.SH,20181121,6.07,6.14,6.05,6.12,6.13,-0.01,-0.1631,13329.77,8133.147
600168.SH,20181120,6.27,6.32,6.11,6.13,6.31,-0.18,-2.8526,23680.2,14728.988
600168.SH,20181119,6.31,6.32,6.22,6.31,6.27,0.04,0.638,31143.47,19516.242
600168.SH,20181116,6.15,6.28,6.15,6.27,6.15,0.12,1.9512,35971.31,22393.498
600168.SH,20181115,6.12,6.16,6.07,6.15,6.09,0.06,0.9852,25487.01,15600.899
600168.SH,20181114,6.09,6.14,6.07,6.09,6.08,0.01,0.1645,23786.14,14515.513
600168.SH,20181113,5.98,6.12,5.92,6.08,5.99,0.09,1.5025,35633.62,21555.779
600168.SH,20181112,5.84,6.01,5.84,5.99,5.83,0.16,2.7444,29631.58,17664.006
600168.SH,20181109,5.85,5.89,5.82,5.83,5.89,-0.06,-1.0187,12435.76,7278.346
600168.SH,20181108,5.89,5.92,5.86,5.89,5.87,0.02,0.3407,17360.0,10236.071
600168.SH,20181107,5.89,5.92,5.86,5.87,5.89,-0.02,-0.3396,14353.11,8454.413
600168.SH,20181106,5.9,5.9,5.82,5.89,5.9,-0.01,-0.1695,21265.35,12466.978
600168.SH,20181105,5.89,5.94,5.84,5.9,5.88,0.02,0.3401,29937.16,17656.251
600168.SH,20181102,5.84,5.89,5.82,5.88,5.79,0.09,1.5544,29434.87,17234.321
600168.SH,20181101,5.82,5.87,5.78,5.79,5.82,-0.03,-0.5155,21079.72,12299.689
600168.SH,20181031,5.8,5.85,5.74,5.82,5.81,0.01,0.1721,21959.42,12724.745
600168.SH,20181030,5.74,5.83,5.73,5.81,5.73,0.08,1.3962,8087.88,4688.177
600168.SH,20181029,5.76,5.79,5.72,5.73,5.8,-0.07,-1.2069,7377.96,4243.324
600168.SH,20181026,5.71,5.83,5.71,5.8,5.69,0.11,1.9332,18387.0,10620.326
600168.SH,20181025,5.63,5.7,5.58,5.69,5.69,0.0,0.0,15265.75,8599.668
600168.SH,20181024,5.67,5.8,5.64,5.69,5.69,0.0,0.0,13785.0,7888.722
600168.SH,20181023,5.81,5.82,5.67,5.69,5.82,-0.13,-2.2337,15869.0,9119.426
600168.SH,20181022,5.57,5.85,5.54,5.82,5.52,0.3,5.4348,42256.09,24242.131
600168.SH,20181019,5.4,5.53,5.33,5.52,5.42,0.1,1.845,15175.91,8302.16
600168.SH,20181018,5.55,5.55,5.4,5.42,5.56,-0.14,-2.518,17036.4,9274.263
600168.SH,20181017,5.58,5.58,5.47,5.56,5.48,0.08,1.4599,9180.05,5074.233
600168.SH,20181016,5.61,5.64,5.46,5.48,5.61,-0.13,-2.3173,17062.0,9448.266
600168.SH,20181015,5.73,5.74,5.6,5.61,5.7,-0.09,-1.5789,8195.0,4638.534
600168.SH,20181012,5.78,5.79,5.56,5.7,5.8,-0.1,-1.7241,20360.96,11576.375
600168.SH,20181011,6.06,6.06,5.77,5.8,6.18,-0.38,-6.1489,48050.1,28436.397
600168.SH,20181010,6.19,6.21,6.15,6.18,6.17,0.01,0.1621,5340.77,3299.37
600168.SH,20181009,6.17,6.2,6.15,6.17,6.17,0.0,0.0,8599.01,5307.997
600168.SH,20181008,6.27,6.27,6.14,6.17,6.3,-0.13,-2.0635,20983.0,13017.324
600168.SH,20180928,6.28,6.33,6.27,6.3,6.26,0.04,0.639,10736.43,6755.657
600168.SH,20180927,6.32,6.32,6.24,6.26,6.3,-0.04,-0.6349,14298.0,8978.903
600168.SH,20180926,6.3,6.34,6.29,6.3,6.3,0.0,0.0,17362.91,10977.14
600168.SH,20180925,6.32,6.33,6.28,6.3,6.35,-0.05,-0.7874,10302.22,6486.301
600168.SH,20180921,6.26,6.36,6.26,6.35,6.29,0.06,0.9539,19330.0,12209.309
600168.SH,20180920,6.28,6.3,6.25,6.29,6.29,0.0,0.0,9331.84,5851.883
600168.SH,20180919,6.26,6.32,6.23,6.29,6.26,0.03,0.4792,19415.0,12199.239
600168.SH,20180918,6.18,6.26,6.15,6.26,6.19,0.07,1.1309,13584.0,8442.466
600168.SH,20180917,6.21,6.21,6.15,6.19,6.22,-0.03,-0.4823,12761.0,7873.078
600168.SH,20180914,6.22,6.23,6.2,6.22,6.22,0.0,0.0,10033.0,6239.812
600168.SH,20180913,6.22,6.23,6.18,6.22,6.19,0.03,0.4847,10486.0,6505.63
600168.SH,20180912,6.23,6.24,6.17,6.19,6.21,-0.02,-0.3221,8364.0,5183.38
600168.SH,20180911,6.19,6.25,6.17,6.21,6.2,0.01,0.1613,7578.01,4698.999
600168.SH,20180910,6.31,6.31,6.18,6.2,6.31,-0.11,-1.7433,16237.19,10098.906
600168.SH,20180907,6.35,6.38,6.25,6.31,6.35,-0.04,-0.6299,19413.53,12255.655
600168.SH,20180906,6.27,6.37,6.23,6.35,6.24,0.11,1.7628,24820.53,15690.383
600168.SH,20180905,6.31,6.32,6.23,6.24,6.31,-0.07,-1.1094,10665.6,6703.886
600168.SH,20180904,6.25,6.33,6.23,6.31,6.25,0.06,0.96,10124.33,6362.532
600168.SH,20180903,6.24,6.27,6.17,6.25,6.27,-0.02,-0.319,11904.0,7394.359
600168.SH,20180831,6.25,6.31,6.24,6.27,6.27,0.0,0.0,8967.34,5625.622
600168.SH,20180830,6.32,6.35,6.26,6.27,6.32,-0.05,-0.7911,13244.32,8333.852
600168.SH,20180829,6.37,6.37,6.3,6.32,6.34,-0.02,-0.3155,7903.34,5001.373
600168.SH,20180828,6.34,6.37,6.32,6.34,6.34,0.0,0.0,10921.6,6937.395
600168.SH,20180827,6.26,6.35,6.26,6.34,6.26,0.08,1.278,13811.6,8733.15
600168.SH,20180824,6.26,6.3,6.24,6.26,6.27,-0.01,-0.1595,7454.32,4670.274
600168.SH,20180823,6.28,6.29,6.23,6.27,6.26,0.01,0.1597,7461.0,4674.174
600168.SH,20180822,6.28,6.3,6.24,6.26,6.27,-0.01,-0.1595,8937.76,5603.357
600168.SH,20180821,6.21,6.31,6.21,6.27,6.21,0.06,0.9662,11452.0,7178.744
600168.SH,20180820,6.21,6.25,6.14,6.21,6.21,0.0,0.0,14478.0,8953.78
600168.SH,20180817,6.33,6.35,6.2,6.21,6.28,-0.07,-1.1146,15221.04,9525.992
600168.SH,20180816,6.33,6.36,6.27,6.28,6.36,-0.08,-1.2579,23672.23,14918.698
600168.SH,20180815,6.46,6.48,6.33,6.36,6.49,-0.13,-2.0031,19417.23,12393.012
600168.SH,20180814,6.43,6.5,6.43,6.49,6.46,0.03,0.4644,10795.93,6987.433
600168.SH,20180813,6.46,6.49,6.37,6.46,6.51,-0.05,-0.768,17208.92,11070.346
600168.SH,20180810,6.54,6.55,6.46,6.51,6.53,-0.02,-0.3063,15444.93,10050.809
600168.SH,20180809,6.46,6.55,6.4,6.53,6.47,0.06,0.9274,22439.39,14611.557
600168.SH,20180808,6.42,6.57,6.37,6.47,6.42,0.05,0.7788,31191.42,20199.627
600168.SH,20180807,6.33,6.42,6.28,6.42,6.28,0.14,2.2293,20299.25,12925.956
600168.SH,20180806,6.32,6.35,6.25,6.28,6.31,-0.03,-0.4754,12021.0,7568.779
600168.SH,20180803,6.32,6.4,6.26,6.31,6.33,-0.02,-0.316,13263.62,8393.702
600168.SH,20180802,6.46,6.53,6.23,6.33,6.48,-0.15,-2.3148,28867.43,18305.278
600168.SH,20180801,6.57,6.63,6.48,6.48,6.57,-0.09,-1.3699,18710.0,12276.276
600168.SH,20180731,6.55,6.61,6.52,6.57,6.54,0.03,0.4587,11776.7,7721.911
600168.SH,20180730,6.6,6.63,6.52,6.54,6.6,-0.06,-0.9091,21736.22,14280.76
600168.SH,20180727,6.62,6.68,6.59,6.6,6.66,-0.06,-0.9009,21007.04,13906.692
600168.SH,20180726,6.59,6.75,6.56,6.66,6.59,0.07,1.0622,37487.68,24962.204
600168.SH,20180725,6.61,6.62,6.54,6.59,6.61,-0.02,-0.3026,16546.68,10887.41
600168.SH,20180724,6.48,6.63,6.48,6.61,6.48,0.13,2.0062,34984.57,23028.034
600168.SH,20180723,6.38,6.49,6.36,6.48,6.41,0.07,1.092,24646.55,15868.388
600168.SH,20180720,6.33,6.41,6.28,6.41,6.33,0.08,1.2638,16475.57,10484.649
600168.SH,20180719,6.37,6.41,6.29,6.33,6.38,-0.05,-0.78,13457.12,8531.422
600168.SH,20180718,6.37,6.43,6.35,6.38,6.35,0.03,0.47,20449.2,13092.895
600168.SH,20180717,6.34,6.36,6.32,6.35,6.37,-0.02,-0.31,10505.2,6657.021
600168.SH,20180716,6.38,6.38,6.31,6.37,6.38,-0.01,-0.16,11025.34,6991.862
600168.SH,20180713,6.38,6.4,6.34,6.38,6.38,0.0,0.0,14133.86,9008.734
600168.SH,20180712,6.22,6.4,6.22,6.38,6.25,0.13,2.08,24475.46,15579.888
600168.SH,20180711,6.36,6.36,6.19,6.25,6.4,-0.15,-2.34,21569.65,13500.136
600168.SH,20180710,6.41,6.42,6.36,6.4,6.4,0.0,0.0,14731.1,9413.292
600168.SH,20180709,6.32,6.41,6.3,6.4,6.31,0.09,1.43,24848.25,15801.241
600168.SH,20180706,6.31,6.38,6.18,6.31,6.32,-0.01,-0.16,18740.4,11808.667
600168.SH,20180705,6.47,6.47,6.31,6.32,6.44,-0.12,-1.86,16192.69,10302.444
600168.SH,20180704,6.47,6.52,6.42,6.44,6.51,-0.07,-1.08,17242.0,11141.466
600168.SH,20180703,6.43,6.52,6.39,6.51,6.4,0.11,1.72,25075.02,16181.9
600168.SH,20180702,6.44,6.47,6.36,6.4,6.46,-0.06,-0.93,18316.86,11754.795
600168.SH,20180629,6.32,6.49,6.31,6.46,6.31,0.15,2.38,16854.0,10817.574
600168.SH,20180628,6.4,6.44,6.3,6.31,6.39,-0.08,-1.25,11071.0,7049.044
600168.SH,20180627,6.43,6.46,6.38,6.39,6.43,-0.04,-0.62,6877.0,4419.07
600168.SH,20180626,6.32,6.45,6.28,6.43,6.37,0.06,0.94,13287.2,8486.777
600168.SH,20180625,6.42,6.49,6.37,6.37,6.38,-0.01,-0.16,11399.32,7321.217
600168.SH,20180622,6.29,6.44,6.24,6.38,6.33,0.05,0.79,16285.89,10344.12
600168.SH,20180621,6.52,6.54,6.3,6.33,6.48,-0.15,-2.31,20206.75,12979.992
600168.SH,20180620,6.4,6.51,6.37,6.48,6.38,0.1,1.57,15389.86,9903.085
600168.SH,20180619,6.88,6.88,6.25,6.38,6.92,-0.54,-7.8,34400.11,22651.069
600168.SH,20180615,7.0,7.04,6.85,6.92,7.01,-0.09,-1.28,17587.63,12191.469
600168.SH,20180614,7.01,7.06,6.99,7.01,7.01,0.0,0.0,8142.81,5718.644
600168.SH,20180613,7.12,7.12,7.0,7.01,7.12,-0.11,-1.54,14501.2,10226.289
600168.SH,20180612,7.08,7.13,7.07,7.12,7.07,0.05,0.71,10504.12,7461.084
600168.SH,20180611,7.13,7.14,7.05,7.07,7.14,-0.07,-0.98,10868.1,7700.239
600168.SH,20180608,7.24,7.26,7.1,7.14,7.26,-0.12,-1.65,16319.1,11674.968
600168.SH,20180607,7.33,7.34,7.24,7.26,7.31,-0.05,-0.68,9699.32,7069.272
600168.SH,20180606,7.3,7.34,7.28,7.31,7.34,-0.03,-0.41,8471.0,6189.679
600168.SH,20180605,7.26,7.35,7.25,7.34,7.25,0.09,1.24,17608.87,12843.838
600168.SH,20180604,7.25,7.29,7.19,7.25,7.22,0.03,0.42,12723.65,9220.252
600168.SH,20180601,7.25,7.3,7.18,7.22,7.26,-0.04,-0.55,13371.35,9688.531
600168.SH,20180531,7.22,7.31,7.22,7.26,7.18,0.08,1.11,24067.61,17473.666
600168.SH,20180530,7.28,7.37,7.15,7.18,7.4,-0.22,-2.97,34381.96,25017.161
600168.SH,20180529,7.46,7.48,7.38,7.4,7.46,-0.06,-0.8,17325.0,12861.342
600168.SH,20180528,7.53,7.53,7.43,7.46,7.55,-0.09,-1.19,15904.0,11883.209
600168.SH,20180525,7.56,7.61,7.51,7.55,7.56,-0.01,-0.13,18600.0,14064.601
600168.SH,20180524,7.53,7.62,7.53,7.56,7.55,0.01,0.13,18799.31,14241.047
600168.SH,20180523,7.65,7.65,7.54,7.55,7.66,-0.11,-1.44,28807.1,21892.463
600168.SH,20180522,7.58,7.68,7.57,7.66,7.62,0.04,0.52,40118.32,30603.344
600168.SH,20180521,7.6,7.68,7.59,7.62,7.53,0.09,1.2,55841.27,42631.536
600168.SH,20180518,7.42,7.54,7.4,7.53,7.42,0.11,1.48,22685.06,16955.96
600168.SH,20180517,7.47,7.51,7.35,7.42,7.49,-0.07,-0.93,30595.0,22748.164
600168.SH,20180516,7.52,7.55,7.47,7.49,7.52,-0.03,-0.4,19907.44,14964.273
600168.SH,20180515,7.49,7.53,7.45,7.52,7.51,0.01,0.13,24215.22,18139.138
600168.SH,20180514,7.58,7.6,7.46,7.51,7.58,-0.07,-0.92,39107.0,29508.371
600168.SH,20180511,7.64,7.68,7.56,7.58,7.65,-0.07,-0.92,29552.12,22494.776
600168.SH,20180510,7.66,7.67,7.6,7.65,7.66,-0.01,-0.13,21399.1,16341.607
600168.SH,20180509,7.6,7.68,7.58,7.66,7.6,0.06,0.79,40460.23,30901.765
600168.SH,20180508,7.54,7.6,7.51,7.6,7.53,0.07,0.93,36438.25,27549.375
600168.SH,20180507,7.45,7.54,7.45,7.53,7.44,0.09,1.21,28532.82,21440.739
600168.SH,20180504,7.53,7.54,7.43,7.44,7.51,-0.07,-0.93,28011.0,20940.308
600168.SH,20180503,7.65,7.66,7.53,7.65,7.65,0.0,0.0,31848.0,24200.192
600168.SH,20180502,7.65,7.66,7.53,7.65,7.61,0.04,0.53,42134.93,32096.876
600168.SH,20180427,7.66,7.69,7.51,7.61,7.67,-0.06,-0.78,51724.3,39247.669
600168.SH,20180426,7.8,7.8,7.64,7.67,7.73,-0.06,-0.78,54959.39,42490.411
600168.SH,20180425,7.65,7.74,7.62,7.73,7.7,0.03,0.39,48544.12,37369.429
600168.SH,20180424,7.44,7.73,7.42,7.7,7.46,0.24,3.22,63526.9,48488.562
600168.SH,20180423,7.42,7.53,7.4,7.46,7.4,0.06,0.81,30675.01,22900.645
600168.SH,20180420,7.54,7.56,7.36,7.4,7.57,-0.17,-2.25,43098.3,32092.771
600168.SH,20180419,7.55,7.63,7.55,7.57,7.57,0.0,0.0,25099.69,19020.208
600168.SH,20180418,7.56,7.64,7.42,7.57,7.55,0.02,0.26,48388.15,36485.58
600168.SH,20180417,7.83,7.84,7.5,7.55,7.9,-0.35,-4.43,107388.86,82107.083
600168.SH,20180416,8.0,8.25,7.86,7.9,7.78,0.12,1.54,178833.17,143983.09
600168.SH,20180413,7.68,7.84,7.65,7.78,7.66,0.12,1.57,55405.43,42997.082
600168.SH,20180412,7.68,7.71,7.65,7.66,7.71,-0.05,-0.65,16699.01,12825.277
600168.SH,20180411,7.69,7.73,7.67,7.71,7.69,0.02,0.26,20708.99,15955.755
600168.SH,20180410,7.57,7.7,7.57,7.69,7.59,0.1,1.32,18049.84,13778.479
600168.SH,20180409,7.56,7.63,7.53,7.59,7.58,0.01,0.13,17386.01,13185.016
600168.SH,20180404,7.63,7.67,7.53,7.58,7.63,-0.05,-0.66,18854.69,14362.991
600168.SH,20180403,7.64,7.65,7.58,7.63,7.72,-0.09,-1.17,17556.43,13372.701
600168.SH,20180402,7.72,7.76,7.68,7.72,7.73,-0.01,-0.13,25835.51,19932.21
600168.SH,20180330,7.71,7.75,7.67,7.73,7.69,0.04,0.52,23681.14,18269.452
600168.SH,20180329,7.64,7.72,7.64,7.69,7.65,0.04,0.52,19813.51,15222.173
600168.SH,20180328,7.6,7.72,7.58,7.65,7.67,-0.02,-0.26,24775.0,18969.024
600168.SH,20180327,7.59,7.7,7.58,7.67,7.56,0.11,1.46,29675.71,22676.031
600168.SH,20180326,7.43,7.57,7.41,7.56,7.45,0.11,1.48,27334.0,20458.881
600168.SH,20180323,7.85,7.85,7.44,7.45,7.94,-0.49,-6.17,46951.15,35732.036
600168.SH,20180322,7.91,8.0,7.89,7.94,7.96,-0.02,-0.25,22054.94,17515.723
600168.SH,20180321,7.86,8.19,7.86,7.96,7.86,0.1,1.27,45975.04,36860.477
600168.SH,20180320,7.83,7.89,7.78,7.86,7.89,-0.03,-0.38,13466.35,10549.47
600168.SH,20180319,7.89,7.94,7.88,7.89,7.91,-0.02,-0.25,11249.0,8892.649
600168.SH,20180316,7.87,7.97,7.86,7.91,7.87,0.04,0.51,16785.0,13271.553
600168.SH,20180315,7.85,7.88,7.8,7.87,7.9,-0.03,-0.38,17283.79,13560.794
600168.SH,20180314,7.97,8.0,7.88,7.9,7.98,-0.08,-1.0,21251.0,16840.17
600168.SH,20180313,7.99,8.05,7.97,7.98,8.0,-0.02,-0.25,22347.55,17911.822
600168.SH,20180312,7.94,8.05,7.92,8.0,7.93,0.07,0.88,27157.09,21709.213
600168.SH,20180309,7.87,7.94,7.85,7.93,7.9,0.03,0.38,31837.77,25143.89
600168.SH,20180308,7.8,7.9,7.8,7.9,7.83,0.07,0.89,28320.97,22275.768
600168.SH,20180307,7.91,7.91,7.78,7.83,7.9,-0.07,-0.89,28967.1,22759.19
600168.SH,20180306,7.76,7.91,7.75,7.9,7.75,0.15,1.94,39038.42,30592.821
600168.SH,20180305,7.78,7.78,7.72,7.75,7.76,-0.01,-0.13,18123.9,14042.443
600168.SH,20180302,7.76,7.8,7.74,7.76,7.79,-0.03,-0.39,21538.02,16718.98
600168.SH,20180301,7.72,7.81,7.71,7.79,7.75,0.04,0.52,22888.32,17805.199
600168.SH,20180228,7.75,7.79,7.68,7.75,7.76,-0.01,-0.13,20343.56,15761.324
600168.SH,20180227,7.77,7.82,7.75,7.76,7.78,-0.02,-0.26,22474.01,17491.158
600168.SH,20180226,7.7,7.78,7.69,7.78,7.69,0.09,1.17,32765.55,25377.567
600168.SH,20180223,7.68,7.71,7.65,7.69,7.68,0.01,0.13,13764.97,10577.944
600168.SH,20180222,7.61,7.71,7.61,7.68,7.6,0.08,1.05,16207.56,12434.046
600168.SH,20180214,7.62,7.68,7.55,7.6,7.62,-0.02,-0.26,13809.66,10488.534
600168.SH,20180213,7.54,7.66,7.54,7.62,7.54,0.08,1.06,14256.0,10864.891
600168.SH,20180212,7.41,7.55,7.41,7.54,7.39,0.15,2.03,15794.31,11836.44
600168.SH,20180209,7.51,7.58,7.33,7.39,7.69,-0.3,-3.9,29781.0,22228.597
600168.SH,20180208,7.61,7.71,7.6,7.69,7.61,0.08,1.05,15456.1,11860.514
600168.SH,20180207,7.7,7.73,7.5,7.61,7.59,0.02,0.26,20284.63,15479.978
600168.SH,20180206,7.85,7.88,7.57,7.59,7.95,-0.36,-4.53,30844.01,23904.608
600168.SH,20180205,7.9,7.97,7.81,7.95,7.95,0.0,0.0,18810.9,14837.614
600168.SH,20180202,7.95,7.98,7.81,7.95,7.96,-0.01,-0.13,24464.01,19346.124
600168.SH,20180201,8.24,8.28,7.95,7.96,8.24,-0.28,-3.4,45193.8,36618.455
600168.SH,20180131,8.37,8.37,8.24,8.24,8.36,-0.12,-1.44,30194.0,24972.458
600168.SH,20180130,8.3,8.38,8.29,8.36,8.36,0.0,0.0,13909.0,11618.041
600168.SH,20180129,8.44,8.47,8.33,8.36,8.42,-0.06,-0.71,23039.01,19360.183
600168.SH,20180126,8.45,8.45,8.41,8.42,8.45,-0.03,-0.36,16257.0,13702.142
600168.SH,20180125,8.46,8.49,8.41,8.45,8.46,-0.01,-0.12,28600.42,24152.304
600168.SH,20180124,8.42,8.49,8.36,8.46,8.42,0.04,0.48,27341.97,23061.116
600168.SH,20180123,8.39,8.45,8.39,8.42,8.41,0.01,0.12,17861.0,15031.866
600168.SH,20180122,8.39,8.43,8.32,8.41,8.4,0.01,0.12,20075.01,16818.54
600168.SH,20180119,8.41,8.44,8.37,8.4,8.46,-0.06,-0.71,25342.1,21288.277
600168.SH,20180118,8.29,8.5,8.29,8.46,8.28,0.18,2.17,51953.74,43782.643
600168.SH,20180117,8.24,8.29,8.19,8.28,8.25,0.03,0.36,19710.01,16242.042
600168.SH,20180116,8.22,8.28,8.19,8.25,8.2,0.05,0.61,16375.98,13477.206
600168.SH,20180115,8.4,8.4,8.2,8.2,8.41,-0.21,-2.5,30714.73,25426.148
600168.SH,20180112,8.44,8.44,8.36,8.41,8.43,-0.02,-0.24,18453.75,15486.376
600168.SH,20180111,8.39,8.44,8.38,8.43,8.37,0.06,0.72,16325.3,13729.112
600168.SH,20180110,8.45,8.46,8.35,8.37,8.45,-0.08,-0.95,22951.6,19257.048
600168.SH,20180109,8.46,8.49,8.44,8.45,8.49,-0.04,-0.47,15971.0,13513.52
600168.SH,20180108,8.47,8.5,8.42,8.49,8.47,0.02,0.24,17878.2,15136.218
600168.SH,20180105,8.51,8.51,8.4,8.47,8.51,-0.04,-0.47,19745.6,16700.585
600168.SH,20180104,8.52,8.53,8.48,8.51,8.52,-0.01,-0.12,19581.12,16649.173
600168.SH,20180103,8.49,8.53,8.47,8.52,8.5,0.02,0.24,30133.69,25605.678
600168.SH,20180102,8.4,8.57,8.39,8.5,8.39,0.11,1.31,40484.4,34397.1
