ts_code,trade_date,open,high,low,close,pre_close,change,pct_chg,vol,amount
688609.SH,20250627,10.35,10.44,10.25,10.38,10.29,0.09,0.8746,97281.29,100821.408
688609.SH,20250626,10.45,10.47,10.26,10.29,10.4,-0.11,-1.0577,96476.56,100037.396
688609.SH,20250625,10.32,10.41,10.24,10.4,10.32,0.08,0.7752,117155.62,121026.786
688609.SH,20250624,10.19,10.36,10.15,10.32,10.16,0.16,1.5748,104456.28,107291.105
688609.SH,20250623,9.84,10.19,9.74,10.16,9.86,0.3,3.0426,97612.92,97999.315
688609.SH,20250620,10.04,10.15,9.85,9.86,10.09,-0.23,-2.2795,71690.91,71296.924
688609.SH,20250619,10.26,10.38,10.05,10.09,10.25,-0.16,-1.561,94589.41,96324.267
688609.SH,20250618,10.1,10.25,10.05,10.25,10.14,0.11,1.0848,88243.09,89699.484
688609.SH,20250617,10.09,10.19,10.0,10.14,10.06,0.08,0.7952,64644.64,65304.565
688609.SH,20250616,9.82,10.08,9.8,10.06,9.84,0.22,2.2358,80638.83,80805.851
688609.SH,20250613,10.06,10.13,9.81,9.84,10.13,-0.29,-2.8628,103050.75,102268.01
688609.SH,20250612,10.1,10.24,10.0,10.13,10.1,0.03,0.297,73387.96,74543.699
688609.SH,20250611,10.05,10.23,10.05,10.1,10.1,0.0,0.0,75417.08,76501.698
688609.SH,20250610,10.4,10.43,9.98,10.1,10.38,-0.28,-2.6975,120656.34,122456.448
688609.SH,20250609,10.37,10.44,10.32,10.38,10.37,0.01,0.0964,74302.08,77146.182
688609.SH,20250606,10.43,10.43,10.25,10.37,10.39,-0.02,-0.1925,83025.96,85779.524
688609.SH,20250605,10.29,10.45,10.16,10.39,10.29,0.1,0.9718,109651.1,112876.38
688609.SH,20250604,10.26,10.31,10.16,10.29,10.17,0.12,1.1799,70610.38,72338.707
688609.SH,20250603,10.1,10.34,10.07,10.17,10.16,0.01,0.0984,77684.95,79336.492
688609.SH,20250530,10.4,10.4,10.11,10.16,10.46,-0.3,-2.8681,98148.13,100060.273
688609.SH,20250529,10.17,10.46,10.17,10.46,10.19,0.27,2.6497,125188.43,129678.673
688609.SH,20250528,10.37,10.37,10.13,10.19,10.29,-0.1,-0.9718,86414.48,88257.405
688609.SH,20250527,10.34,10.35,10.16,10.29,10.26,0.03,0.2924,88726.92,90910.884
688609.SH,20250526,10.2,10.33,10.13,10.26,10.06,0.2,1.9881,110705.57,113513.115
688609.SH,20250523,10.38,10.4,10.04,10.06,10.33,-0.27,-2.6137,119184.82,121650.988
688609.SH,20250522,10.48,10.6,10.3,10.33,10.52,-0.19,-1.8061,128298.55,133730.265
688609.SH,20250521,10.78,10.78,10.49,10.52,10.78,-0.26,-2.4119,125279.6,132783.58
688609.SH,20250520,11.1,11.12,10.58,10.78,10.92,-0.14,-1.2821,209135.34,224040.375
688609.SH,20250519,11.28,11.33,10.8,10.92,11.09,-0.17,-1.5329,192185.2,210151.241
688609.SH,20250516,11.09,11.3,10.93,11.09,11.07,0.02,0.1807,178192.93,198416.135
688609.SH,20250515,11.38,11.52,11.01,11.07,11.37,-0.3,-2.6385,252945.84,283100.609
688609.SH,20250514,11.29,11.43,11.08,11.37,11.15,0.22,1.9731,273727.61,308438.606
688609.SH,20250513,11.62,11.82,11.11,11.15,11.42,-0.27,-2.3643,273438.86,309717.163
688609.SH,20250512,11.03,11.75,10.83,11.42,10.93,0.49,4.4831,407399.13,466014.476
688609.SH,20250509,11.53,11.83,10.93,10.93,11.53,-0.6,-5.2038,470180.16,532558.885
688609.SH,20250508,11.5,11.99,11.45,11.53,11.6,-0.07,-0.6034,476201.38,555794.042
688609.SH,20250507,12.3,12.3,11.4,11.6,11.63,-0.03,-0.258,688997.89,817199.861
688609.SH,20250506,9.99,11.63,9.99,11.63,9.69,1.94,20.0206,433295.83,478094.483
688609.SH,20250430,9.12,9.73,9.12,9.69,9.12,0.57,6.25,137845.77,131289.693
688609.SH,20250429,9.01,9.18,8.92,9.12,9.01,0.11,1.2209,61513.65,56025.826
688609.SH,20250428,9.14,9.15,8.94,9.01,9.08,-0.07,-0.7709,62482.67,56536.06
688609.SH,20250425,8.86,9.22,8.77,9.08,9.25,-0.17,-1.8378,109523.77,98563.478
688609.SH,20250424,9.52,9.52,9.15,9.25,9.52,-0.27,-2.8361,83359.03,77662.845
688609.SH,20250423,9.46,9.69,9.41,9.52,9.39,0.13,1.3845,98669.35,94351.146
688609.SH,20250422,9.39,9.5,9.35,9.39,9.44,-0.05,-0.5297,68803.68,64771.406
688609.SH,20250421,9.5,9.5,9.34,9.44,9.39,0.05,0.5325,83420.9,78525.104
688609.SH,20250418,9.55,9.58,9.32,9.39,9.44,-0.05,-0.5297,115845.23,109242.053
688609.SH,20250417,9.8,9.97,9.44,9.44,8.96,0.48,5.3571,248627.23,241922.208
688609.SH,20250416,9.13,9.21,8.76,8.96,9.17,-0.21,-2.2901,92969.92,83283.74
688609.SH,20250415,9.27,9.34,9.1,9.17,9.28,-0.11,-1.1853,62469.7,57351.872
688609.SH,20250414,9.41,9.49,9.22,9.28,9.27,0.01,0.1079,93453.9,87299.469
688609.SH,20250411,9.0,9.35,8.88,9.27,9.06,0.21,2.3179,98639.5,90749.012
688609.SH,20250410,9.3,9.36,9.05,9.06,8.84,0.22,2.4887,123192.96,113340.55
688609.SH,20250409,8.48,8.91,7.96,8.84,8.56,0.28,3.271,147209.02,125528.782
688609.SH,20250408,8.26,8.74,8.26,8.56,8.11,0.45,5.5487,145301.81,123795.156
688609.SH,20250407,9.55,9.55,8.0,8.11,10.0,-1.89,-18.9,217820.98,189064.789
688609.SH,20250403,10.05,10.17,9.9,10.0,10.13,-0.13,-1.2833,66106.66,66303.385
688609.SH,20250402,10.09,10.16,10.03,10.13,10.09,0.04,0.3964,51989.2,52496.253
688609.SH,20250401,10.16,10.25,10.05,10.09,10.12,-0.03,-0.2964,77640.38,78705.293
688609.SH,20250331,10.35,10.39,9.98,10.12,10.45,-0.33,-3.1579,116325.35,117652.918
688609.SH,20250328,10.46,10.89,10.41,10.45,10.44,0.01,0.0958,132339.78,140534.194
688609.SH,20250327,10.37,10.68,10.14,10.44,10.4,0.04,0.3846,114745.83,119183.052
688609.SH,20250326,10.47,10.63,10.39,10.4,10.43,-0.03,-0.2876,76308.05,80044.199
688609.SH,20250325,10.65,10.67,10.39,10.43,10.69,-0.26,-2.4322,92489.84,97100.283
688609.SH,20250324,10.88,10.95,10.37,10.69,10.88,-0.19,-1.7463,136068.28,145308.576
688609.SH,20250321,11.3,11.35,10.88,10.88,11.42,-0.54,-4.7285,190089.84,209829.137
688609.SH,20250320,11.51,11.89,11.35,11.42,11.52,-0.1,-0.8681,183044.39,213799.961
688609.SH,20250319,11.65,11.78,11.41,11.52,11.65,-0.13,-1.1159,144906.37,167005.027
688609.SH,20250318,11.93,11.97,11.57,11.65,11.84,-0.19,-1.6047,180650.49,211956.228
688609.SH,20250317,11.71,12.26,11.7,11.84,11.55,0.29,2.5108,292758.8,352059.279
688609.SH,20250314,11.41,11.65,11.0,11.55,11.51,0.04,0.3475,233952.83,265058.511
688609.SH,20250313,11.61,11.9,11.3,11.51,11.59,-0.08,-0.6903,248292.59,287273.549
688609.SH,20250312,11.32,12.02,11.26,11.59,11.28,0.31,2.7482,318495.17,373038.854
688609.SH,20250311,11.2,11.32,11.05,11.28,11.46,-0.18,-1.5707,171063.83,191204.696
688609.SH,20250310,11.06,11.88,10.91,11.46,10.97,0.49,4.4667,291505.96,334748.24
688609.SH,20250307,11.21,11.33,10.84,10.97,11.25,-0.28,-2.4889,159945.38,177179.658
688609.SH,20250306,10.7,11.55,10.68,11.25,10.6,0.65,6.1321,264851.01,295679.705
688609.SH,20250305,10.58,10.7,10.34,10.6,10.61,-0.01,-0.0943,116710.58,122793.528
688609.SH,20250304,10.32,10.63,10.32,10.61,10.45,0.16,1.5311,102263.38,107473.123
688609.SH,20250303,10.52,10.72,10.23,10.45,10.42,0.03,0.2879,132103.22,138700.421
688609.SH,20250228,11.18,11.23,10.38,10.42,11.28,-0.86,-7.6241,202879.57,217373.823
688609.SH,20250227,11.53,11.6,11.02,11.28,11.54,-0.26,-2.253,187427.14,211353.662
688609.SH,20250226,11.7,11.78,11.41,11.54,11.58,-0.04,-0.3454,187312.98,216192.699
688609.SH,20250225,11.29,11.79,11.16,11.58,11.45,0.13,1.1354,223323.6,257916.076
688609.SH,20250224,11.51,11.54,11.2,11.45,11.51,-0.06,-0.5213,163466.91,185538.221
688609.SH,20250221,11.3,11.56,11.1,11.51,11.27,0.24,2.1295,201262.13,228839.733
688609.SH,20250220,11.23,11.48,11.09,11.27,11.22,0.05,0.4456,151003.18,170071.569
688609.SH,20250219,10.96,11.3,10.87,11.22,10.93,0.29,2.6532,137130.73,153060.593
688609.SH,20250218,11.65,11.7,10.88,10.93,11.66,-0.73,-6.2607,235233.57,264451.952
688609.SH,20250217,11.77,11.93,11.53,11.66,11.63,0.03,0.258,206486.44,242162.955
688609.SH,20250214,11.54,11.79,11.33,11.63,11.6,0.03,0.2586,209971.84,243265.057
688609.SH,20250213,12.0,12.0,11.51,11.6,11.89,-0.29,-2.439,199613.31,233124.081
688609.SH,20250212,11.59,11.95,11.53,11.89,11.65,0.24,2.0601,230846.83,272857.245
688609.SH,20250211,11.71,11.98,11.43,11.65,11.65,0.0,0.0,291867.07,340134.956
688609.SH,20250210,11.5,11.68,11.21,11.65,11.1,0.55,4.955,297296.82,341868.182
688609.SH,20250207,10.7,11.44,10.65,11.1,10.71,0.39,3.6415,270930.71,299351.719
688609.SH,20250206,10.2,10.85,10.08,10.71,10.25,0.46,4.4878,183222.26,193220.091
688609.SH,20250205,9.98,10.42,9.95,10.25,9.77,0.48,4.913,171187.49,174846.33
688609.SH,20250127,10.16,10.28,9.75,9.77,10.16,-0.39,-3.8386,126793.79,125782.621
688609.SH,20250124,9.73,10.2,9.73,10.16,9.7,0.46,4.7423,162405.91,163124.78
688609.SH,20250123,9.91,10.18,9.7,9.7,9.75,-0.05,-0.5128,110756.56,110403.17
688609.SH,20250122,9.8,9.89,9.71,9.75,9.87,-0.12,-1.2158,74287.93,72764.447
688609.SH,20250121,9.95,10.03,9.75,9.87,9.84,0.03,0.3049,77484.33,76399.957
688609.SH,20250120,10.0,10.03,9.71,9.84,9.83,0.01,0.1017,74892.38,74026.347
688609.SH,20250117,9.88,9.97,9.72,9.83,9.93,-0.1,-1.007,91918.79,90470.834
688609.SH,20250116,9.84,10.18,9.77,9.93,9.72,0.21,2.1605,137762.1,137412.949
688609.SH,20250115,9.8,9.9,9.67,9.72,9.85,-0.13,-1.3198,101719.9,99251.507
688609.SH,20250114,9.34,9.86,9.32,9.85,9.28,0.57,6.1422,135756.25,131265.229
688609.SH,20250113,9.01,9.32,8.77,9.28,9.15,0.13,1.4208,106427.99,96942.798
688609.SH,20250110,9.51,9.8,9.15,9.15,9.58,-0.43,-4.4885,123449.04,116592.234
688609.SH,20250109,9.5,9.74,9.46,9.58,9.55,0.03,0.3141,99926.17,96516.658
688609.SH,20250108,9.59,9.68,9.16,9.55,9.64,-0.09,-0.9336,128568.3,121548.576
688609.SH,20250107,9.32,9.64,9.26,9.64,9.34,0.3,3.212,105084.89,99362.051
688609.SH,20250106,9.55,9.77,9.22,9.34,9.62,-0.28,-2.9106,129821.92,122912.449
688609.SH,20250103,10.26,10.37,9.55,9.62,10.27,-0.65,-6.3291,144365.08,142836.343
688609.SH,20250102,10.6,10.7,10.15,10.27,10.6,-0.33,-3.1132,120872.29,125808.996
688609.SH,20241231,11.21,11.22,10.59,10.6,11.2,-0.6,-5.3571,161725.15,175135.067
688609.SH,20241230,11.21,11.39,10.86,11.2,11.24,-0.04,-0.3559,114181.68,127442.725
688609.SH,20241227,11.49,11.62,11.18,11.24,11.46,-0.22,-1.9197,133042.0,151502.829
688609.SH,20241226,11.18,11.69,11.18,11.46,11.21,0.25,2.2302,137225.9,157838.146
688609.SH,20241225,11.42,11.49,10.99,11.21,11.47,-0.26,-2.2668,155786.87,174770.614
688609.SH,20241224,12.01,12.09,11.05,11.47,11.98,-0.51,-4.2571,302392.75,346331.544
688609.SH,20241223,12.64,12.89,11.9,11.98,12.37,-0.39,-3.1528,301155.99,373291.615
688609.SH,20241220,12.29,12.6,11.98,12.37,12.35,0.02,0.1619,291075.6,357805.805
688609.SH,20241219,11.91,12.44,11.73,12.35,11.91,0.44,3.6944,408452.26,496583.093
688609.SH,20241218,10.61,12.5,10.43,11.91,10.6,1.31,12.3585,470754.23,550159.753
688609.SH,20241217,11.26,11.27,10.56,10.6,11.22,-0.62,-5.5258,170506.35,184919.899
688609.SH,20241216,11.55,11.61,11.11,11.22,11.55,-0.33,-2.8571,144019.77,162934.93
688609.SH,20241213,12.01,12.05,11.54,11.55,12.05,-0.5,-4.1494,171195.7,201579.657
688609.SH,20241212,12.23,12.23,11.76,12.05,12.15,-0.1,-0.823,186379.33,222956.578
688609.SH,20241211,11.74,12.2,11.73,12.15,11.62,0.53,4.5611,289481.16,348530.167
688609.SH,20241210,11.71,11.84,11.5,11.62,11.32,0.3,2.6502,205298.04,240173.599
688609.SH,20241209,11.57,11.6,11.15,11.32,11.58,-0.26,-2.2453,146165.0,165591.16
688609.SH,20241206,11.51,11.74,11.37,11.58,11.43,0.15,1.3123,178360.32,206602.673
688609.SH,20241205,11.13,11.6,11.05,11.43,11.13,0.3,2.6954,146513.13,167308.727
688609.SH,20241204,11.57,11.65,11.08,11.13,11.54,-0.41,-3.5529,162155.7,183350.589
688609.SH,20241203,11.73,11.73,11.36,11.54,11.69,-0.15,-1.2831,145606.22,167526.601
688609.SH,20241202,11.57,11.81,11.45,11.69,11.5,0.19,1.6522,159366.86,185983.599
688609.SH,20241129,11.34,11.75,11.1,11.5,11.35,0.15,1.3216,177292.61,202558.566
688609.SH,20241128,11.49,11.68,11.28,11.35,11.52,-0.17,-1.4757,150614.4,172353.741
688609.SH,20241127,11.28,11.54,10.96,11.52,11.34,0.18,1.5873,173650.48,194616.012
688609.SH,20241126,11.44,11.85,11.32,11.34,11.54,-0.2,-1.7331,121410.49,140405.878
688609.SH,20241125,11.7,11.7,11.11,11.54,11.48,0.06,0.5226,164857.59,187392.456
688609.SH,20241122,12.08,12.45,11.45,11.48,12.21,-0.73,-5.9787,226980.49,271491.096
688609.SH,20241121,12.02,12.38,11.93,12.21,12.12,0.09,0.7426,165561.51,201506.688
688609.SH,20241120,11.79,12.3,11.76,12.12,11.85,0.27,2.2785,174608.02,210261.999
688609.SH,20241119,11.34,11.89,11.2,11.85,11.25,0.6,5.3333,208517.48,241444.363
688609.SH,20241118,12.18,12.37,11.11,11.25,12.18,-0.93,-7.6355,262241.43,299654.537
688609.SH,20241115,12.62,13.06,12.16,12.18,12.69,-0.51,-4.0189,235782.13,297237.402
688609.SH,20241114,13.01,13.37,12.67,12.69,13.12,-0.43,-3.2774,245189.13,319187.7
688609.SH,20241113,12.91,13.2,12.63,13.12,12.98,0.14,1.0786,268120.71,347776.394
688609.SH,20241112,13.5,13.5,12.75,12.98,13.41,-0.43,-3.2066,337818.05,442000.522
688609.SH,20241111,12.71,13.66,12.7,13.41,12.77,0.64,5.0117,402419.97,533522.23
688609.SH,20241108,12.7,13.29,12.7,12.77,12.69,0.08,0.6304,364649.86,474206.232
688609.SH,20241107,12.25,12.9,12.18,12.69,12.47,0.22,1.7642,271746.58,341641.415
688609.SH,20241106,12.69,12.94,12.21,12.47,12.64,-0.17,-1.3449,302467.5,381540.226
688609.SH,20241105,12.12,12.79,12.01,12.64,12.15,0.49,4.0329,276587.81,346316.777
688609.SH,20241104,11.67,12.25,11.61,12.15,11.76,0.39,3.3163,224740.85,269691.667
688609.SH,20241101,13.12,13.12,11.7,11.76,13.24,-1.48,-11.1782,458176.4,558576.994
688609.SH,20241031,13.9,13.9,13.01,13.24,13.68,-0.44,-3.2164,462344.84,616132.185
688609.SH,20241030,12.8,14.17,12.5,13.68,12.75,0.93,7.2941,601735.85,808700.411
688609.SH,20241029,13.29,13.29,12.58,12.75,13.28,-0.53,-3.991,388153.07,501166.329
688609.SH,20241028,12.9,13.43,12.83,13.28,12.66,0.62,4.8973,334028.13,441367.592
688609.SH,20241025,12.61,13.04,12.46,12.66,12.63,0.03,0.2375,251795.93,320891.952
688609.SH,20241024,12.64,12.82,12.47,12.63,12.82,-0.19,-1.4821,250464.89,315660.96
688609.SH,20241023,13.15,13.73,12.66,12.82,13.48,-0.66,-4.8961,433397.53,571070.905
688609.SH,20241022,14.49,14.55,13.37,13.48,14.05,-0.57,-4.0569,467253.37,638734.543
688609.SH,20241021,13.5,14.37,13.3,14.05,13.18,0.87,6.6009,619757.29,857826.308
688609.SH,20241018,12.85,13.75,12.62,13.18,13.02,0.16,1.2289,639110.96,837988.863
688609.SH,20241017,12.55,13.79,12.41,13.02,12.36,0.66,5.3398,675909.18,888581.492
688609.SH,20241016,11.67,12.41,11.61,12.36,12.23,0.13,1.063,355104.22,430189.743
688609.SH,20241015,12.78,13.76,12.22,12.23,12.96,-0.73,-5.6327,697810.2,907497.25
688609.SH,20241014,11.68,13.25,10.89,12.96,11.57,1.39,12.0138,618219.01,736971.745
688609.SH,20241011,11.48,12.44,11.11,11.57,11.83,-0.26,-2.1978,454997.36,533249.51
688609.SH,20241010,14.01,14.15,11.75,11.83,13.61,-1.78,-13.0786,588851.19,732174.19
688609.SH,20241009,13.73,15.35,13.33,13.61,13.98,-0.37,-2.6466,890933.81,1297990.877
688609.SH,20241008,13.98,13.98,13.22,13.98,11.65,2.33,20.0,487704.52,675225.779
688609.SH,20240930,10.92,11.65,10.59,11.65,9.71,1.94,19.9794,478683.04,537775.42
688609.SH,20240927,9.15,9.76,9.15,9.71,9.1,0.61,6.7033,203635.47,192680.701
688609.SH,20240926,8.68,9.38,8.53,9.1,8.64,0.46,5.3241,386884.44,348811.09
688609.SH,20240925,8.5,8.92,8.46,8.64,8.42,0.22,2.6128,284345.72,248044.961
688609.SH,20240924,8.46,8.53,8.15,8.42,8.48,-0.06,-0.7075,256662.46,215241.907
688609.SH,20240923,8.49,8.76,8.41,8.48,8.41,0.07,0.8323,265194.53,226712.044
688609.SH,20240920,8.06,8.54,8.05,8.41,8.05,0.36,4.472,315640.12,264388.707
688609.SH,20240919,7.7,8.06,7.65,8.05,7.73,0.32,4.1397,188794.36,149532.69
688609.SH,20240918,7.65,7.77,7.51,7.73,7.58,0.15,1.9789,95309.88,73052.61
688609.SH,20240913,7.82,7.87,7.56,7.58,7.85,-0.27,-3.4395,112868.55,86691.507
688609.SH,20240912,7.83,8.03,7.8,7.85,7.79,0.06,0.7702,119779.66,94750.982
688609.SH,20240911,7.94,7.98,7.73,7.79,7.99,-0.2,-2.5031,95622.34,74853.168
688609.SH,20240910,7.78,8.08,7.51,7.99,7.73,0.26,3.3635,134749.28,105431.262
688609.SH,20240909,7.9,7.91,7.67,7.73,7.9,-0.17,-2.1519,93734.66,72783.905
688609.SH,20240906,8.14,8.14,7.83,7.9,8.11,-0.21,-2.5894,108711.93,86424.109
688609.SH,20240905,8.1,8.21,8.01,8.11,8.09,0.02,0.2472,119377.23,96678.014
688609.SH,20240904,8.25,8.31,8.05,8.09,8.41,-0.32,-3.805,169491.28,138526.672
688609.SH,20240903,8.21,8.45,8.16,8.41,8.2,0.21,2.561,185899.72,154628.787
688609.SH,20240902,8.3,8.48,8.17,8.2,8.32,-0.12,-1.4423,177812.44,147330.754
688609.SH,20240830,7.95,8.55,7.9,8.32,7.85,0.47,5.9873,318211.32,264843.904
688609.SH,20240829,7.75,7.95,7.66,7.85,7.75,0.1,1.2903,142352.58,111622.369
688609.SH,20240828,8.12,8.16,7.71,7.75,8.23,-0.48,-5.8323,228885.01,180051.386
688609.SH,20240827,8.16,8.63,8.01,8.23,8.21,0.02,0.2436,282684.45,235220.2
688609.SH,20240826,7.99,8.25,7.85,8.21,8.09,0.12,1.4833,229633.0,186288.311
688609.SH,20240823,8.11,8.3,7.93,8.09,7.87,0.22,2.7954,266872.77,217316.874
688609.SH,20240822,7.99,8.27,7.82,7.87,7.98,-0.11,-1.3784,201595.3,162764.719
688609.SH,20240821,7.97,8.3,7.92,7.98,7.98,0.0,0.0,134184.36,108671.854
688609.SH,20240820,8.12,8.27,7.94,7.98,8.13,-0.15,-1.845,139145.45,112105.349
688609.SH,20240819,8.49,8.49,8.07,8.13,8.3,-0.17,-2.0482,206931.19,170586.926
688609.SH,20240816,7.88,8.54,7.85,8.3,7.86,0.44,5.598,280304.0,231553.991
688609.SH,20240815,7.58,8.05,7.49,7.86,7.59,0.27,3.5573,156740.82,122983.709
688609.SH,20240814,7.59,7.67,7.53,7.59,7.57,0.02,0.2642,49405.56,37583.102
688609.SH,20240813,7.43,7.58,7.4,7.57,7.41,0.16,2.1592,75176.97,56372.158
688609.SH,20240812,7.6,7.72,7.35,7.41,7.66,-0.25,-3.2637,84972.72,63403.478
688609.SH,20240809,7.79,7.88,7.66,7.66,7.76,-0.1,-1.2887,68236.14,52821.071
688609.SH,20240808,7.84,7.85,7.6,7.76,7.83,-0.07,-0.894,83443.32,64441.366
688609.SH,20240807,7.77,7.94,7.74,7.83,7.78,0.05,0.6427,80538.85,63331.322
688609.SH,20240806,7.83,7.92,7.66,7.78,7.7,0.08,1.039,85471.68,66344.063
688609.SH,20240805,8.04,8.1,7.7,7.7,8.08,-0.38,-4.703,118557.37,93613.132
688609.SH,20240802,8.29,8.34,8.03,8.08,8.34,-0.26,-3.1175,106743.73,87446.053
688609.SH,20240801,8.39,8.54,8.21,8.34,8.35,-0.01,-0.1198,112801.16,94409.332
688609.SH,20240731,8.1,8.38,8.05,8.35,8.08,0.27,3.3416,140678.56,116357.512
688609.SH,20240730,7.89,8.19,7.83,8.08,7.9,0.18,2.2785,107274.79,86260.132
688609.SH,20240729,7.93,8.0,7.74,7.9,7.88,0.02,0.2538,71112.22,56131.366
688609.SH,20240726,7.8,7.92,7.77,7.88,7.72,0.16,2.0725,74903.98,58780.084
688609.SH,20240725,7.74,7.87,7.57,7.72,7.74,-0.02,-0.2584,84038.54,64854.457
688609.SH,20240724,7.9,8.12,7.72,7.74,7.94,-0.2,-2.5189,100755.36,79332.234
688609.SH,20240723,8.23,8.3,7.94,7.94,8.24,-0.3,-3.6408,120482.83,97682.34
688609.SH,20240722,8.28,8.37,8.13,8.24,7.99,0.25,3.1289,176606.9,145925.269
688609.SH,20240719,7.75,8.1,7.7,7.99,7.75,0.24,3.0968,115267.41,91647.861
688609.SH,20240718,7.82,7.82,7.51,7.75,7.84,-0.09,-1.148,122689.93,93975.072
688609.SH,20240717,8.03,8.12,7.83,7.84,8.08,-0.24,-2.9703,90361.9,71867.579
688609.SH,20240716,7.96,8.18,7.9,8.08,7.98,0.1,1.2531,93109.55,74860.158
688609.SH,20240715,8.2,8.2,7.95,7.98,8.14,-0.16,-1.9656,70656.76,56698.091
688609.SH,20240712,8.32,8.32,8.12,8.14,8.3,-0.16,-1.9277,91041.62,74583.561
688609.SH,20240711,8.27,8.41,8.19,8.3,8.11,0.19,2.3428,125454.25,104153.052
688609.SH,20240710,8.1,8.24,8.08,8.11,8.17,-0.06,-0.7344,99883.22,81593.334
688609.SH,20240709,7.9,8.24,7.7,8.17,7.9,0.27,3.4177,144420.15,115369.385
688609.SH,20240708,8.12,8.12,7.86,7.9,8.12,-0.22,-2.7094,96560.57,76834.589
688609.SH,20240705,8.05,8.23,7.87,8.12,8.05,0.07,0.8696,106784.53,86073.583
688609.SH,20240704,8.38,8.43,8.0,8.05,8.32,-0.27,-3.2452,146645.21,119592.908
688609.SH,20240703,8.72,8.82,8.27,8.32,8.77,-0.45,-5.1311,192530.52,161676.201
688609.SH,20240702,8.89,9.05,8.71,8.77,8.89,-0.12,-1.3498,131857.69,117328.263
688609.SH,20240701,8.87,8.96,8.68,8.89,8.82,0.07,0.7937,100096.66,88365.848
688609.SH,20240628,8.75,9.0,8.69,8.82,8.78,0.04,0.4556,104122.11,92636.768
688609.SH,20240627,9.04,9.11,8.76,8.78,9.11,-0.33,-3.6224,130825.27,116791.901
688609.SH,20240626,8.8,9.14,8.67,9.11,8.82,0.29,3.288,152796.84,136530.381
688609.SH,20240625,9.2,9.2,8.72,8.82,9.06,-0.24,-2.649,203300.17,180593.161
688609.SH,20240624,9.58,9.84,9.05,9.06,9.64,-0.58,-6.0166,254237.54,238251.481
688609.SH,20240621,9.8,9.95,9.56,9.64,9.98,-0.34,-3.4068,241604.3,234900.105
688609.SH,20240620,10.1,10.25,9.95,9.98,9.92,0.06,0.6048,301854.36,304806.564
688609.SH,20240619,10.65,10.7,9.84,9.92,10.52,-0.6,-5.7034,413681.55,417242.125
688609.SH,20240618,10.23,10.6,10.11,10.52,10.3,0.22,2.1359,379961.25,395133.066
688609.SH,20240617,10.66,10.98,9.86,10.3,11.11,-0.81,-7.2907,509069.2,527924.122
688609.SH,20240614,10.89,11.55,10.66,11.11,10.81,0.3,2.7752,587891.7,655249.515
688609.SH,20240613,11.04,11.27,10.68,10.81,10.47,0.34,3.2474,436745.72,478466.572
688609.SH,20240612,10.3,10.65,10.1,10.47,10.16,0.31,3.0512,223223.12,233166.476
688609.SH,20240611,9.77,10.2,9.5,10.16,9.87,0.29,2.9382,175778.1,174512.242
688609.SH,20240607,9.97,10.04,9.54,9.87,9.82,0.05,0.5092,193666.46,189896.84
688609.SH,20240606,10.67,10.85,9.75,9.82,10.67,-0.85,-7.9663,304691.8,314901.324
688609.SH,20240605,10.74,11.02,10.6,10.67,10.75,-0.08,-0.7442,144934.89,156907.661
688609.SH,20240604,10.8,11.18,10.56,10.75,10.95,-0.2,-1.8265,215901.32,234321.264
688609.SH,20240603,10.77,11.07,10.59,10.95,10.66,0.29,2.7205,242382.19,262561.264
688609.SH,20240531,10.36,10.98,10.25,10.66,10.17,0.49,4.8181,212478.82,227180.267
688609.SH,20240530,10.3,10.37,10.05,10.17,10.3,-0.13,-1.2621,137072.98,139512.677
688609.SH,20240529,10.57,10.57,10.09,10.3,10.41,-0.11,-1.0567,143315.29,148045.508
688609.SH,20240528,10.6,10.81,10.25,10.41,10.6,-0.19,-1.7925,153889.98,162377.18
688609.SH,20240527,11.15,11.19,10.47,10.6,11.29,-0.69,-6.1116,271650.93,289899.49
688609.SH,20240524,11.25,11.65,11.16,11.29,11.27,0.02,0.1775,274243.76,313538.659
688609.SH,20240523,11.2,11.49,11.05,11.27,11.18,0.09,0.805,220391.49,248955.329
688609.SH,20240522,10.87,11.51,10.81,11.18,11.0,0.18,1.6364,226085.35,253072.56
688609.SH,20240521,10.68,11.16,10.55,11.0,10.61,0.39,3.6758,290451.98,316696.071
688609.SH,20240520,10.5,10.81,10.4,10.61,10.6,0.01,0.0943,131564.11,139369.798
688609.SH,20240517,9.91,10.63,9.87,10.6,9.98,0.62,6.2124,232788.69,241839.333
688609.SH,20240516,10.16,10.26,9.92,9.98,10.09,-0.11,-1.0902,133587.62,134905.731
688609.SH,20240515,10.09,10.37,9.91,10.09,10.09,0.0,0.0,130581.33,132561.725
688609.SH,20240514,9.88,10.28,9.83,10.09,9.84,0.25,2.5407,131352.13,132184.953
688609.SH,20240513,9.87,10.18,9.6,9.84,9.88,-0.04,-0.4049,115990.03,114612.34
688609.SH,20240510,10.26,10.31,9.84,9.88,10.2,-0.32,-3.1373,118028.95,117424.921
688609.SH,20240509,10.22,10.39,10.1,10.2,10.14,0.06,0.5917,132846.11,135946.14
688609.SH,20240508,10.57,10.59,10.1,10.14,10.57,-0.43,-4.0681,126698.96,129957.763
688609.SH,20240507,10.84,10.86,10.48,10.57,10.75,-0.18,-1.6744,123023.85,130914.843
688609.SH,20240506,10.7,10.94,10.5,10.75,10.54,0.21,1.9924,136651.25,147504.712
688609.SH,20240430,10.62,10.79,10.25,10.54,10.61,-0.07,-0.6598,156204.18,164085.79
688609.SH,20240429,10.39,10.71,10.38,10.61,10.33,0.28,2.7106,198454.36,209303.067
688609.SH,20240426,9.81,10.55,9.8,10.33,9.8,0.53,5.4082,217099.87,223385.12
688609.SH,20240425,9.82,10.05,9.63,9.8,9.88,-0.08,-0.8097,151667.79,149122.95
688609.SH,20240424,9.0,9.89,9.0,9.88,9.03,0.85,9.4131,218395.77,207525.691
688609.SH,20240423,8.99,9.24,8.98,9.03,8.97,0.06,0.6689,114773.28,104440.149
688609.SH,20240422,8.93,9.1,8.62,8.97,9.11,-0.14,-1.5368,147463.03,131088.419
688609.SH,20240419,9.41,9.45,9.02,9.11,9.33,-0.22,-2.358,149342.51,137306.918
688609.SH,20240418,9.54,9.7,9.05,9.33,9.44,-0.11,-1.1653,206473.86,193712.258
688609.SH,20240417,9.18,9.49,9.05,9.44,8.74,0.7,8.0092,231814.81,215869.986
688609.SH,20240416,9.97,9.98,8.65,8.74,9.98,-1.24,-12.4248,294882.28,265192.721
688609.SH,20240415,10.58,10.83,9.7,9.98,10.75,-0.77,-7.1628,229548.61,232937.096
688609.SH,20240412,10.92,11.18,10.6,10.75,10.92,-0.17,-1.5568,167759.66,181839.817
688609.SH,20240411,11.0,11.22,10.82,10.92,11.0,-0.08,-0.7273,147996.04,163817.767
688609.SH,20240410,11.65,11.93,10.87,11.0,11.82,-0.82,-6.9374,225836.27,255349.332
688609.SH,20240409,11.5,11.89,11.32,11.82,11.63,0.19,1.6337,166011.61,192909.884
688609.SH,20240408,11.16,12.26,11.03,11.63,11.27,0.36,3.1943,326254.76,385543.321
688609.SH,20240403,11.45,11.45,10.7,11.27,11.49,-0.22,-1.9147,241964.19,267152.591
688609.SH,20240402,12.33,12.4,11.22,11.49,12.45,-0.96,-7.7108,326651.6,383175.889
688609.SH,20240401,12.08,12.47,11.75,12.45,12.08,0.37,3.0629,312752.74,380092.899
688609.SH,20240329,11.76,12.1,11.45,12.08,11.97,0.11,0.919,220132.92,258867.036
688609.SH,20240328,11.43,12.29,11.29,11.97,11.42,0.55,4.8161,285537.95,338647.164
688609.SH,20240327,11.76,11.94,11.12,11.42,11.75,-0.33,-2.8085,289525.23,334248.895
688609.SH,20240326,11.85,12.15,11.5,11.75,11.84,-0.09,-0.7601,311851.28,367075.707
688609.SH,20240325,12.55,12.79,11.79,11.84,12.39,-0.55,-4.4391,379845.29,468586.913
688609.SH,20240322,12.86,13.09,12.35,12.39,13.27,-0.88,-6.6315,422659.24,535309.891
688609.SH,20240321,13.79,13.8,13.21,13.27,13.82,-0.55,-3.9797,271988.61,366448.672
688609.SH,20240320,13.8,14.39,13.13,13.82,13.85,-0.03,-0.2166,421614.49,576830.378
688609.SH,20240319,12.98,14.58,12.89,13.85,12.93,0.92,7.1152,633457.84,877577.843
688609.SH,20240318,13.0,13.28,12.29,12.93,13.0,-0.07,-0.5385,511087.94,650292.241
688609.SH,20240315,12.5,13.13,11.8,13.0,12.61,0.39,3.0928,591158.05,742365.181
688609.SH,20240314,11.49,13.25,11.49,12.61,11.5,1.11,9.6522,818007.81,1025326.627
688609.SH,20240313,11.15,11.97,10.8,11.5,11.08,0.42,3.7906,539683.61,618736.192
688609.SH,20240312,11.43,11.66,10.81,11.08,11.54,-0.46,-3.9861,395622.81,443578.645
688609.SH,20240311,11.01,11.73,10.76,11.54,11.17,0.37,3.3124,484507.4,544086.822
688609.SH,20240308,11.07,11.24,10.71,11.17,10.94,0.23,2.1024,382549.73,421313.888
688609.SH,20240307,11.7,12.38,10.93,10.94,10.89,0.05,0.4591,711379.69,822680.514
688609.SH,20240306,10.09,11.25,10.0,10.89,10.36,0.53,5.1158,500750.08,527592.416
688609.SH,20240305,10.0,10.69,9.66,10.36,10.27,0.09,0.8763,497477.69,507192.905
688609.SH,20240304,10.04,10.27,9.76,10.27,9.76,0.51,5.2254,446105.19,449588.491
688609.SH,20240301,9.5,9.83,9.46,9.76,9.46,0.3,3.1712,355879.41,344019.532
688609.SH,20240229,8.7,9.58,8.66,9.46,8.78,0.68,7.7449,345584.15,320795.032
688609.SH,20240228,9.92,10.0,8.78,8.78,10.06,-1.28,-12.7237,503395.53,479851.556
688609.SH,20240227,9.59,10.1,9.3,10.06,9.59,0.47,4.9009,449696.28,439250.445
688609.SH,20240226,9.12,9.88,9.09,9.59,9.52,0.07,0.7353,473278.77,448947.57
688609.SH,20240223,8.9,10.43,8.54,9.52,8.69,0.83,9.5512,661147.38,630992.926
688609.SH,20240222,8.15,8.69,8.15,8.69,8.17,0.52,6.3647,345461.69,294309.571
688609.SH,20240221,7.99,8.6,7.86,8.17,8.04,0.13,1.6169,303765.7,250160.562
688609.SH,20240220,8.04,8.12,7.81,8.04,8.18,-0.14,-1.7115,256576.78,204323.527
688609.SH,20240219,7.78,8.27,7.71,8.18,7.58,0.6,7.9156,368297.82,293503.619
688609.SH,20240208,6.72,7.68,6.64,7.58,6.64,0.94,14.1566,364320.46,260860.564
688609.SH,20240207,6.61,7.08,6.43,6.64,6.66,-0.02,-0.3003,320916.71,217111.218
688609.SH,20240206,6.25,7.09,5.8,6.66,6.33,0.33,5.2133,366131.92,231531.097
688609.SH,20240205,7.32,7.39,6.14,6.33,7.47,-1.14,-15.261,375721.93,248533.588
688609.SH,20240202,7.91,8.11,7.14,7.47,7.9,-0.43,-5.443,271786.83,207916.725
688609.SH,20240201,7.68,8.23,7.55,7.9,7.77,0.13,1.6731,280664.88,221568.865
688609.SH,20240131,8.58,8.6,7.73,7.77,8.58,-0.81,-9.4406,319384.47,258658.273
688609.SH,20240130,8.73,8.88,8.45,8.58,8.73,-0.15,-1.7182,259117.04,225098.112
688609.SH,20240129,10.35,10.35,8.61,8.73,10.38,-1.65,-15.896,521497.62,476981.994
688609.SH,20240126,10.75,10.9,10.37,10.38,10.82,-0.44,-4.0665,290970.67,308637.898
688609.SH,20240125,10.44,10.91,10.25,10.82,10.38,0.44,4.2389,357002.68,382848.685
688609.SH,20240124,10.41,10.8,10.09,10.38,10.43,-0.05,-0.4794,281631.31,293603.03
688609.SH,20240123,10.38,10.76,10.09,10.43,10.46,-0.03,-0.2868,291667.2,303553.848
688609.SH,20240122,10.98,11.25,10.23,10.46,11.23,-0.77,-6.8566,349631.97,373740.001
688609.SH,20240119,12.66,12.7,11.19,11.23,12.47,-1.24,-9.9439,478595.29,555838.101
688609.SH,20240118,12.5,12.8,11.67,12.47,12.94,-0.47,-3.6321,483451.18,590086.931
688609.SH,20240117,13.5,13.64,12.8,12.94,13.61,-0.67,-4.9229,336131.34,442486.584
688609.SH,20240116,13.8,13.83,13.0,13.61,13.96,-0.35,-2.5072,409167.31,546265.573
688609.SH,20240115,13.9,14.38,13.75,13.96,13.81,0.15,1.0862,391731.98,549300.325
688609.SH,20240112,13.84,14.1,13.43,13.81,13.9,-0.09,-0.6475,453023.24,626270.786
688609.SH,20240111,12.25,14.37,12.25,13.9,12.2,1.7,13.9344,603746.81,805354.898
688609.SH,20240110,12.73,12.9,11.88,12.2,12.71,-0.51,-4.0126,313123.49,383825.955
688609.SH,20240109,13.0,13.15,12.48,12.71,12.66,0.05,0.3949,315364.64,404340.057
688609.SH,20240108,13.4,13.49,12.58,12.66,13.8,-1.14,-8.2609,490779.07,637695.515
688609.SH,20240105,13.53,14.5,13.25,13.8,13.65,0.15,1.0989,574971.03,795300.929
688609.SH,20240104,13.8,14.8,13.48,13.65,13.66,-0.01,-0.0732,765643.9,1080771.894
688609.SH,20240103,13.69,14.14,13.41,13.66,13.33,0.33,2.4756,647203.88,889310.777
688609.SH,20240102,13.16,13.55,12.8,13.33,13.2,0.13,0.9848,645885.4,855724.402
688609.SH,20231229,11.16,13.36,11.16,13.2,11.13,2.07,18.5984,779690.92,980657.245
688609.SH,20231228,11.22,11.28,10.88,11.13,11.27,-0.14,-1.2422,241535.96,268699.689
688609.SH,20231227,11.0,11.6,10.98,11.27,10.87,0.4,3.6799,264641.69,298290.594
688609.SH,20231226,11.33,11.33,10.68,10.87,11.24,-0.37,-3.2918,202516.82,219734.854
688609.SH,20231225,11.23,11.46,11.1,11.24,11.18,0.06,0.5367,159418.63,179559.338
688609.SH,20231222,12.0,12.06,11.1,11.18,12.02,-0.84,-6.9884,301124.48,345155.701
688609.SH,20231221,11.83,12.24,11.61,12.02,11.93,0.09,0.7544,239160.3,285145.223
688609.SH,20231220,12.48,12.56,11.64,11.93,12.33,-0.4,-3.2441,289259.65,347521.55
688609.SH,20231219,12.16,12.71,11.98,12.33,12.1,0.23,1.9008,296696.91,368411.751
688609.SH,20231218,12.3,12.56,12.03,12.1,12.24,-0.14,-1.1438,220471.26,270848.442
688609.SH,20231215,12.2,12.68,12.01,12.24,12.01,0.23,1.9151,353833.4,437368.25
688609.SH,20231214,12.51,12.57,11.95,12.01,12.36,-0.35,-2.8317,243727.76,296257.893
688609.SH,20231213,12.69,12.69,12.25,12.36,12.69,-0.33,-2.6005,332483.21,413145.509
688609.SH,20231212,12.65,13.15,12.4,12.69,12.58,0.11,0.8744,534143.62,679952.534
688609.SH,20231211,12.04,13.0,12.04,12.58,11.87,0.71,5.9815,547119.23,684949.672
688609.SH,20231208,11.59,12.27,11.51,11.87,11.67,0.2,1.7138,308017.17,365882.467
688609.SH,20231207,11.55,11.72,11.42,11.67,11.53,0.14,1.2142,191115.46,221602.311
688609.SH,20231206,11.65,11.81,11.48,11.53,11.74,-0.21,-1.7888,215836.26,250527.083
688609.SH,20231205,12.32,12.45,11.7,11.74,12.38,-0.64,-5.1696,252911.73,302738.418
688609.SH,20231204,12.11,12.68,12.06,12.38,12.12,0.26,2.1452,347132.67,430047.944
688609.SH,20231201,11.78,12.26,11.6,12.12,11.71,0.41,3.5013,264126.48,317550.442
688609.SH,20231130,11.98,12.03,11.5,11.71,12.03,-0.32,-2.66,288525.25,337063.928
688609.SH,20231129,12.5,12.55,11.96,12.03,12.45,-0.42,-3.3735,300623.82,368003.946
688609.SH,20231128,12.83,12.84,12.14,12.45,12.52,-0.07,-0.5591,289107.22,359860.501
688609.SH,20231127,12.47,12.93,12.12,12.52,12.35,0.17,1.3765,349265.79,437890.315
688609.SH,20231124,12.62,12.84,12.27,12.35,12.46,-0.11,-0.8828,354388.14,446152.806
688609.SH,20231123,12.53,12.61,12.01,12.46,12.35,0.11,0.8907,323416.11,399837.704
688609.SH,20231122,12.91,12.95,12.3,12.35,13.32,-0.97,-7.2823,567710.42,711880.652
688609.SH,20231121,13.14,13.62,12.78,13.32,13.1,0.22,1.6794,761810.5,1009468.794
688609.SH,20231120,13.11,13.53,12.88,13.1,13.0,0.1,0.7692,715639.84,946284.566
688609.SH,20231117,13.77,14.06,12.75,13.0,13.7,-0.7,-5.1095,840625.84,1110350.294
688609.SH,20231116,13.34,14.08,13.06,13.7,13.52,0.18,1.3314,1052842.06,1432402.81
688609.SH,20231115,15.04,16.03,13.42,13.52,14.09,-0.57,-4.0454,1536388.69,2258370.211
688609.SH,20231114,13.1,14.09,12.81,14.09,11.74,2.35,20.017,1200841.48,1643922.614
688609.SH,20231113,10.7,11.74,10.7,11.74,9.78,1.96,20.0409,582215.5,667646.725
688609.SH,20231110,9.49,9.91,9.41,9.78,9.53,0.25,2.6233,265567.64,258003.52
688609.SH,20231109,9.71,9.89,9.44,9.53,9.69,-0.16,-1.6512,169112.66,162594.236
688609.SH,20231108,9.73,9.89,9.54,9.69,9.67,0.02,0.2068,187375.12,181801.63
688609.SH,20231107,9.29,9.75,9.25,9.67,9.35,0.32,3.4225,193151.94,184296.248
688609.SH,20231106,9.15,9.43,9.1,9.35,9.15,0.2,2.1858,135938.04,126628.042
688609.SH,20231103,8.98,9.22,8.95,9.15,8.91,0.24,2.6936,122273.12,111682.683
688609.SH,20231102,9.2,9.29,8.9,8.91,9.13,-0.22,-2.4096,119977.03,108983.762
688609.SH,20231101,9.3,9.39,9.05,9.13,9.43,-0.3,-3.1813,146131.35,133877.787
688609.SH,20231031,9.33,9.58,9.2,9.43,9.34,0.09,0.9636,171778.44,161170.679
688609.SH,20231030,8.87,9.44,8.75,9.34,9.11,0.23,2.5247,210089.54,192544.603
688609.SH,20231027,9.4,9.59,9.09,9.11,9.51,-0.4,-4.2061,226872.67,209635.811
688609.SH,20231026,9.1,9.84,9.1,9.51,9.23,0.28,3.0336,278545.72,267778.738
688609.SH,20231025,8.73,9.27,8.73,9.23,8.8,0.43,4.8864,205069.07,185606.252
688609.SH,20231024,8.71,8.87,8.56,8.8,8.64,0.16,1.8519,126362.3,110410.817
688609.SH,20231023,8.9,9.0,8.53,8.64,8.98,-0.34,-3.7862,150399.56,131141.754
688609.SH,20231020,9.4,9.52,8.93,8.98,9.49,-0.51,-5.3741,194632.55,177837.299
688609.SH,20231019,9.7,9.83,9.39,9.49,9.71,-0.22,-2.2657,211111.52,202658.616
688609.SH,20231018,10.05,10.16,9.71,9.71,10.05,-0.34,-3.3831,154362.01,151789.8
688609.SH,20231017,9.87,10.28,9.87,10.05,9.92,0.13,1.3105,188229.02,189546.266
688609.SH,20231016,10.45,10.5,9.77,9.92,10.53,-0.61,-5.793,272135.09,273979.776
688609.SH,20231013,10.3,10.76,10.12,10.53,10.31,0.22,2.1339,339078.0,356049.46
688609.SH,20231012,10.42,10.43,10.06,10.31,10.45,-0.14,-1.3397,241403.36,246846.33
688609.SH,20231011,10.52,10.73,10.24,10.45,10.74,-0.29,-2.7002,361104.08,378744.091
688609.SH,20231010,10.02,10.96,9.9,10.74,10.03,0.71,7.0788,530527.25,558091.907
688609.SH,20231009,9.99,10.32,9.9,10.03,10.0,0.03,0.3,342250.19,345916.775
688609.SH,20230928,9.8,10.18,9.7,10.0,9.72,0.28,2.8807,382314.0,380901.091
688609.SH,20230927,9.9,10.22,9.66,9.72,9.99,-0.27,-2.7027,453602.0,447273.428
688609.SH,20230926,10.27,10.44,9.91,9.99,10.57,-0.58,-5.4872,495598.25,502181.713
688609.SH,20230925,10.55,11.11,10.33,10.57,10.5,0.07,0.6667,676476.74,725082.134
688609.SH,20230922,9.57,11.11,9.49,10.5,9.59,0.91,9.4891,631687.79,644257.695
688609.SH,20230921,9.13,9.8,9.05,9.59,9.01,0.58,6.4373,389010.2,372066.221
688609.SH,20230920,9.24,9.52,9.01,9.01,9.37,-0.36,-3.842,250339.34,230659.369
688609.SH,20230919,8.9,9.5,8.62,9.37,8.98,0.39,4.343,454736.1,417741.525
688609.SH,20230918,9.2,9.23,8.9,8.98,9.15,-0.17,-1.8579,187482.6,169265.064
688609.SH,20230915,9.65,9.66,9.11,9.15,9.62,-0.47,-4.8857,275223.61,255491.037
688609.SH,20230914,10.19,10.3,9.51,9.62,10.16,-0.54,-5.315,342835.99,334580.556
688609.SH,20230913,10.51,10.73,9.91,10.16,10.78,-0.62,-5.7514,468340.83,478606.524
688609.SH,20230912,10.22,11.36,10.1,10.78,10.58,0.2,1.8904,701058.92,751288.752
688609.SH,20230911,10.28,11.2,9.91,10.58,9.4,1.18,12.5532,768629.73,813180.609
688609.SH,20230908,8.88,9.66,8.65,9.4,8.93,0.47,5.2632,400212.33,369663.711
688609.SH,20230907,9.0,9.3,8.89,8.93,9.0,-0.07,-0.7778,249212.51,226351.912
688609.SH,20230906,8.7,9.05,8.5,9.0,8.82,0.18,2.0408,216136.6,190996.287
688609.SH,20230905,8.77,9.23,8.74,8.82,8.75,0.07,0.8,296576.14,265422.062
688609.SH,20230904,8.37,8.8,8.22,8.75,8.28,0.47,5.6763,184907.92,156781.981
688609.SH,20230901,8.51,8.53,8.21,8.28,8.52,-0.24,-2.8169,108461.03,90356.255
688609.SH,20230831,8.64,8.64,8.45,8.52,8.67,-0.15,-1.7301,121125.03,103242.993
688609.SH,20230830,8.31,8.72,8.29,8.67,8.5,0.17,2.0,223477.98,191162.001
688609.SH,20230829,8.01,8.53,8.01,8.5,8.04,0.46,5.7214,119607.6,100166.654
688609.SH,20230828,8.52,8.56,8.02,8.04,7.94,0.1,1.2594,120850.19,99337.063
688609.SH,20230825,8.39,8.39,7.87,7.94,8.43,-0.49,-5.8126,162835.53,131511.316
688609.SH,20230824,8.52,8.62,8.41,8.43,8.48,-0.05,-0.5896,73087.41,62189.684
688609.SH,20230823,8.61,8.69,8.46,8.48,8.69,-0.21,-2.4166,69599.82,59515.888
688609.SH,20230822,8.57,8.69,8.38,8.69,8.45,0.24,2.8402,82588.4,70609.539
688609.SH,20230821,8.45,8.71,8.43,8.45,8.44,0.01,0.1185,68913.77,58928.429
688609.SH,20230818,8.66,8.8,8.44,8.44,8.62,-0.18,-2.0882,76359.06,65838.007
688609.SH,20230817,8.34,8.66,8.28,8.62,8.39,0.23,2.7414,72851.81,62178.552
688609.SH,20230816,8.57,8.63,8.38,8.39,8.63,-0.24,-2.781,74846.56,63444.729
688609.SH,20230815,8.85,8.95,8.52,8.63,8.84,-0.21,-2.3756,95563.35,82930.576
688609.SH,20230814,8.7,8.84,8.66,8.84,8.75,0.09,1.0286,63577.67,55661.09
688609.SH,20230811,8.97,9.04,8.74,8.75,9.01,-0.26,-2.8857,72930.78,64613.729
688609.SH,20230810,9.03,9.18,8.94,9.01,9.1,-0.09,-0.989,73526.31,66497.928
688609.SH,20230809,9.28,9.47,9.07,9.1,9.34,-0.24,-2.5696,89302.85,82458.713
688609.SH,20230808,9.42,9.57,9.3,9.34,9.51,-0.17,-1.7876,107983.99,101527.695
688609.SH,20230807,9.57,9.68,9.45,9.51,9.46,0.05,0.5285,134448.01,128580.117
688609.SH,20230804,9.36,9.6,9.25,9.46,9.36,0.1,1.0684,161285.66,152989.969
688609.SH,20230803,9.25,9.48,9.2,9.36,9.27,0.09,0.9709,104835.2,97814.168
688609.SH,20230802,9.23,9.35,9.05,9.27,9.4,-0.13,-1.383,114538.94,105316.013
688609.SH,20230801,9.35,9.56,9.2,9.4,9.27,0.13,1.4024,161387.52,151000.637
688609.SH,20230731,8.99,9.28,8.95,9.27,8.99,0.28,3.1146,96626.71,88883.558
688609.SH,20230728,8.96,9.05,8.8,8.99,8.96,0.03,0.3348,78627.18,70323.503
688609.SH,20230727,9.01,9.16,8.95,8.96,9.04,-0.08,-0.885,66589.66,60132.315
688609.SH,20230726,9.3,9.33,9.01,9.04,9.33,-0.29,-3.1083,82297.68,74930.694
688609.SH,20230725,9.25,9.4,9.16,9.33,9.14,0.19,2.0788,94097.72,87420.544
688609.SH,20230724,8.96,9.26,8.9,9.14,8.96,0.18,2.0089,80798.47,73720.624
688609.SH,20230721,9.16,9.28,8.93,8.96,9.15,-0.19,-2.0765,98692.19,89441.104
688609.SH,20230720,9.58,9.64,9.12,9.15,9.62,-0.47,-4.8857,153516.75,142871.145
688609.SH,20230719,9.59,9.72,9.52,9.62,9.57,0.05,0.5225,92641.92,88953.921
688609.SH,20230718,9.76,9.92,9.55,9.57,9.85,-0.28,-2.8426,143983.53,139452.979
688609.SH,20230717,10.1,10.17,9.76,9.85,10.09,-0.24,-2.3786,148917.39,147241.998
688609.SH,20230714,9.9,10.35,9.86,10.09,9.86,0.23,2.3327,248123.51,252530.15
688609.SH,20230713,9.67,9.95,9.5,9.86,9.65,0.21,2.1762,227969.34,221600.065
688609.SH,20230712,10.15,10.29,9.61,9.65,10.28,-0.63,-6.1284,275728.39,271395.104
688609.SH,20230711,10.26,10.44,10.14,10.28,10.25,0.03,0.2927,163996.68,168345.563
688609.SH,20230710,10.79,10.79,10.15,10.25,10.62,-0.37,-3.484,206854.67,212843.832
688609.SH,20230707,11.09,11.18,10.25,10.62,11.01,-0.39,-3.5422,242902.92,256840.231
688609.SH,20230706,10.93,11.39,10.73,11.05,10.95,0.1,0.9132,240248.62,267265.078
688609.SH,20230705,11.39,11.53,10.87,10.95,11.44,-0.49,-4.2832,273965.17,305635.497
688609.SH,20230704,11.59,11.96,11.23,11.44,11.58,-0.14,-1.209,325841.3,376098.449
688609.SH,20230703,11.69,12.13,11.36,11.58,11.9,-0.32,-2.6891,540265.98,628858.126
688609.SH,20230630,10.1,12.2,10.03,11.9,10.17,1.73,17.0108,639187.26,742452.255
688609.SH,20230629,9.73,10.32,9.73,10.17,9.83,0.34,3.4588,199613.23,199937.161
688609.SH,20230628,10.49,10.59,9.4,9.83,10.55,-0.72,-6.8246,259311.81,253461.504
688609.SH,20230627,10.4,10.7,10.33,10.55,10.41,0.14,1.3449,181246.95,190341.699
688609.SH,20230626,10.91,11.25,10.29,10.41,11.2,-0.79,-7.0536,266475.87,283839.235
688609.SH,20230621,11.62,11.83,11.01,11.2,11.57,-0.37,-3.1979,300655.57,341850.838
688609.SH,20230620,11.77,12.37,11.56,11.57,11.86,-0.29,-2.4452,448477.04,532529.229
688609.SH,20230619,10.92,12.22,10.89,11.86,10.89,0.97,8.9073,510587.44,587292.259
688609.SH,20230616,10.86,11.12,10.47,10.89,10.76,0.13,1.2082,299045.44,323365.667
688609.SH,20230615,11.08,11.45,10.75,10.76,11.35,-0.59,-5.1982,424337.3,469033.224
688609.SH,20230614,11.12,11.76,11.03,11.35,11.14,0.21,1.8851,407302.86,466970.711
688609.SH,20230613,11.3,11.36,10.93,11.14,11.48,-0.34,-2.9617,343405.81,382388.356
688609.SH,20230612,11.0,11.93,10.82,11.48,11.03,0.45,4.0798,590086.97,672181.607
688609.SH,20230609,10.49,11.48,10.26,11.03,10.47,0.56,5.3486,536157.28,575704.147
688609.SH,20230608,10.17,10.95,10.08,10.47,10.12,0.35,3.4585,449365.66,473829.991
688609.SH,20230607,9.85,10.36,9.7,10.12,9.77,0.35,3.5824,239809.33,241190.635
688609.SH,20230606,10.15,10.27,9.75,9.77,10.15,-0.38,-3.7438,220915.93,220805.052
688609.SH,20230605,10.15,10.44,10.05,10.15,9.97,0.18,1.8054,260085.97,265163.529
688609.SH,20230602,10.1,10.1,9.73,9.97,10.1,-0.13,-1.2871,290331.53,288182.845
688609.SH,20230601,9.89,10.43,9.83,10.1,9.78,0.32,3.272,377553.25,382227.174
688609.SH,20230531,10.02,10.1,9.72,9.78,10.0,-0.22,-2.2,273728.35,269187.944
688609.SH,20230530,9.84,10.1,9.6,10.0,9.63,0.37,3.8422,376182.98,369663.164
688609.SH,20230529,9.61,9.88,9.48,9.63,9.72,-0.09,-0.9259,247034.18,239637.469
688609.SH,20230526,9.72,9.84,9.5,9.72,9.55,0.17,1.7801,215663.64,209016.608
688609.SH,20230525,9.77,10.21,9.33,9.55,9.72,-0.17,-1.749,215843.76,209048.678
688609.SH,20230524,9.69,10.05,9.42,9.72,9.69,0.03,0.3096,251461.86,246289.907
688609.SH,20230523,10.26,10.26,9.68,9.69,10.3,-0.61,-5.9223,299170.19,295234.135
688609.SH,20230522,10.35,10.57,10.07,10.3,10.46,-0.16,-1.5296,300664.54,309159.74
688609.SH,20230519,10.34,10.96,9.97,10.46,10.28,0.18,1.751,640722.91,673000.815
688609.SH,20230518,8.6,10.28,8.59,10.28,8.57,1.71,19.9533,518010.01,506288.245
688609.SH,20230517,8.29,8.58,8.26,8.57,8.35,0.22,2.6347,152240.35,129181.756
688609.SH,20230516,8.57,8.64,8.3,8.35,8.57,-0.22,-2.5671,130792.58,109702.932
688609.SH,20230515,8.87,8.93,8.28,8.57,8.87,-0.3,-3.3822,196817.54,167555.944
688609.SH,20230512,9.11,9.25,8.81,8.87,9.17,-0.3,-3.2715,238468.81,214404.841
688609.SH,20230511,8.49,9.42,8.45,9.17,8.25,0.92,11.1515,433373.55,395584.64
688609.SH,20230510,8.3,8.48,8.16,8.25,8.2,0.05,0.6098,139524.91,115986.111
688609.SH,20230509,8.43,8.56,8.18,8.2,8.54,-0.34,-3.9813,201718.38,168685.743
688609.SH,20230508,8.38,8.6,8.27,8.54,8.4,0.14,1.6667,191892.6,162138.262
688609.SH,20230505,8.51,8.59,8.29,8.4,8.49,-0.09,-1.0601,153291.67,128860.783
688609.SH,20230504,8.74,9.01,8.34,8.49,8.86,-0.37,-4.1761,246617.83,211166.308
688609.SH,20230428,8.16,9.18,8.16,8.86,8.12,0.74,9.1133,322839.64,284836.95
688609.SH,20230427,8.28,8.5,8.06,8.12,8.34,-0.22,-2.6379,183335.3,151550.77
688609.SH,20230426,8.88,9.1,8.23,8.34,8.77,-0.43,-4.9031,274903.81,236880.831
688609.SH,20230425,9.6,9.68,8.62,8.77,9.64,-0.87,-9.0249,343572.65,310321.096
688609.SH,20230424,9.86,10.18,9.48,9.64,10.0,-0.36,-3.6,329495.07,321508.529
688609.SH,20230421,10.42,11.21,9.87,10.0,10.5,-0.5,-4.7619,612347.04,641737.952
688609.SH,20230420,9.45,10.77,9.44,10.5,9.31,1.19,12.782,611723.6,627473.242
688609.SH,20230419,9.35,9.58,9.16,9.31,9.29,0.02,0.2153,213107.72,200823.461
688609.SH,20230418,9.14,9.44,8.99,9.29,9.09,0.2,2.2002,193490.17,178784.326
688609.SH,20230417,9.82,9.9,9.07,9.09,9.91,-0.82,-8.2745,297220.81,278197.57
688609.SH,20230414,9.44,10.11,9.27,9.91,9.4,0.51,5.4255,355241.34,343475.928
688609.SH,20230413,10.25,10.5,9.4,9.4,9.64,-0.24,-2.4896,345996.85,340694.242
688609.SH,20230412,9.55,9.87,9.46,9.64,9.46,0.18,1.9027,250343.7,241291.38
688609.SH,20230411,9.3,9.57,9.1,9.46,9.37,0.09,0.9605,259221.57,241691.303
688609.SH,20230410,9.38,10.32,9.18,9.37,9.44,-0.07,-0.7415,431339.82,417853.062
688609.SH,20230407,9.28,9.55,9.08,9.44,9.11,0.33,3.6224,275948.75,258305.953
688609.SH,20230406,9.04,9.46,8.97,9.11,9.22,-0.11,-1.1931,311850.66,287550.813
688609.SH,20230404,8.86,9.48,8.8,9.22,8.93,0.29,3.2475,351882.87,321214.557
688609.SH,20230403,8.68,8.96,8.58,8.93,8.67,0.26,2.9988,230016.22,202462.63
688609.SH,20230331,8.64,8.71,8.42,8.67,8.54,0.13,1.5222,123068.33,105763.825
688609.SH,20230330,8.7,8.75,8.4,8.54,8.68,-0.14,-1.6129,144248.88,123542.971
688609.SH,20230329,8.54,8.93,8.54,8.68,8.51,0.17,1.9976,211714.08,185077.328
688609.SH,20230328,8.76,8.79,8.47,8.51,8.79,-0.28,-3.1854,194398.21,166718.086
688609.SH,20230327,9.08,9.18,8.66,8.79,8.99,-0.2,-2.2247,303076.91,267387.661
688609.SH,20230324,8.5,9.05,8.48,8.99,8.58,0.41,4.7786,325188.92,286062.702
688609.SH,20230323,8.41,8.62,8.28,8.58,8.46,0.12,1.4184,239719.74,203274.727
688609.SH,20230322,8.1,8.5,8.01,8.46,8.04,0.42,5.2239,288267.04,240629.385
688609.SH,20230321,7.88,8.05,7.79,8.04,7.89,0.15,1.9011,121358.61,96673.761
688609.SH,20230320,7.96,8.1,7.86,7.89,7.93,-0.04,-0.5044,143125.91,114028.889
688609.SH,20230317,7.59,7.99,7.59,7.93,7.56,0.37,4.8942,196606.25,154715.43
688609.SH,20230316,7.65,7.76,7.56,7.56,7.71,-0.15,-1.9455,94831.16,72575.968
688609.SH,20230315,7.84,7.92,7.7,7.71,7.83,-0.12,-1.5326,113602.79,88620.485
688609.SH,20230314,8.0,8.0,7.7,7.83,8.04,-0.21,-2.6119,134514.0,105495.374
688609.SH,20230313,7.96,8.04,7.8,8.04,7.95,0.09,1.1321,128675.01,101981.096
688609.SH,20230310,7.96,8.08,7.9,7.95,8.02,-0.07,-0.8728,110309.39,88072.28
688609.SH,20230309,7.87,8.1,7.75,8.02,7.86,0.16,2.0356,159643.21,127000.799
688609.SH,20230308,7.7,7.93,7.7,7.86,7.75,0.11,1.4194,109891.3,85893.455
688609.SH,20230307,7.95,8.15,7.73,7.75,7.75,0.0,0.0,219988.11,174112.389
688609.SH,20230306,7.89,7.9,7.72,7.75,7.85,-0.1,-1.2739,73296.84,57036.138
688609.SH,20230303,7.95,8.02,7.72,7.85,7.95,-0.1,-1.2579,105970.25,83070.744
688609.SH,20230302,7.94,8.18,7.91,7.95,7.95,0.0,0.0,128155.91,102694.516
688609.SH,20230301,7.68,8.05,7.63,7.95,7.62,0.33,4.3307,170581.73,134470.011
688609.SH,20230228,7.6,7.78,7.49,7.62,7.49,0.13,1.7356,109979.94,84034.845
688609.SH,20230227,7.6,7.71,7.46,7.49,7.78,-0.29,-3.7275,132853.42,100377.936
688609.SH,20230224,7.84,7.88,7.72,7.78,7.81,-0.03,-0.3841,78355.08,61129.241
688609.SH,20230223,7.97,7.98,7.71,7.81,7.96,-0.15,-1.8844,122538.22,95687.517
688609.SH,20230222,7.76,8.08,7.74,7.96,7.86,0.1,1.2723,137227.72,108851.149
688609.SH,20230221,8.0,8.1,7.73,7.86,7.87,-0.01,-0.1271,139756.83,110524.276
688609.SH,20230220,7.72,8.04,7.66,7.87,7.63,0.24,3.1455,154098.23,121363.409
688609.SH,20230217,7.83,7.96,7.59,7.63,7.83,-0.2,-2.5543,130032.52,100279.402
688609.SH,20230216,8.14,8.18,7.72,7.83,8.18,-0.35,-4.2787,236345.01,189033.976
688609.SH,20230215,7.75,8.21,7.74,8.18,7.72,0.46,5.9585,244757.98,196522.506
688609.SH,20230214,7.83,7.91,7.7,7.72,7.83,-0.11,-1.4049,91021.72,70829.775
688609.SH,20230213,7.83,7.88,7.67,7.83,7.83,0.0,0.0,106996.22,83223.437
688609.SH,20230210,7.9,8.03,7.75,7.83,7.9,-0.07,-0.8861,120024.99,94635.142
688609.SH,20230209,7.6,7.91,7.53,7.9,7.61,0.29,3.8108,138893.34,107969.712
688609.SH,20230208,7.88,7.95,7.61,7.61,7.77,-0.16,-2.0592,103794.16,80077.906
688609.SH,20230207,7.68,7.89,7.55,7.77,7.73,0.04,0.5175,137356.27,105974.482
688609.SH,20230206,7.61,7.98,7.61,7.73,7.66,0.07,0.9138,189727.35,147269.774
688609.SH,20230203,7.45,7.74,7.41,7.66,7.47,0.19,2.5435,149188.34,113259.971
688609.SH,20230202,7.44,7.6,7.41,7.47,7.45,0.02,0.2685,106642.17,79756.964
688609.SH,20230201,7.14,7.47,7.12,7.45,7.16,0.29,4.0503,115641.63,84863.633
688609.SH,20230131,7.23,7.25,7.13,7.16,7.26,-0.1,-1.3774,54987.81,39389.695
688609.SH,20230130,7.2,7.34,7.17,7.26,7.08,0.18,2.5424,98990.37,71889.039
688609.SH,20230120,7.05,7.13,7.01,7.08,7.03,0.05,0.7112,54573.71,38586.439
688609.SH,20230119,6.93,7.07,6.92,7.03,6.93,0.1,1.443,46160.6,32364.818
688609.SH,20230118,6.86,6.96,6.83,6.93,6.86,0.07,1.0204,39679.01,27460.917
688609.SH,20230117,6.96,6.96,6.82,6.86,6.92,-0.06,-0.8671,36652.26,25186.03
688609.SH,20230116,6.85,6.98,6.81,6.92,6.89,0.03,0.4354,62582.14,43344.738
688609.SH,20230113,6.86,6.92,6.83,6.89,6.86,0.03,0.4373,39655.17,27248.991
688609.SH,20230112,6.84,6.94,6.8,6.86,6.9,-0.04,-0.5797,51279.15,35216.491
688609.SH,20230111,7.09,7.17,6.88,6.9,6.95,-0.05,-0.7194,92940.89,65268.871
688609.SH,20230110,6.99,6.99,6.9,6.95,6.89,0.06,0.8708,35681.77,24751.228
688609.SH,20230109,6.9,7.06,6.88,6.89,6.9,-0.01,-0.1449,46761.72,32602.569
688609.SH,20230106,6.93,6.99,6.87,6.9,6.93,-0.03,-0.4329,37221.53,25781.687
688609.SH,20230105,6.97,6.97,6.9,6.93,6.95,-0.02,-0.2878,36888.66,25566.071
688609.SH,20230104,6.85,6.96,6.85,6.95,6.91,0.04,0.5789,54205.06,37460.846
688609.SH,20230103,6.66,6.92,6.66,6.91,6.59,0.32,4.8558,77538.11,53040.253
688609.SH,20221230,6.54,6.67,6.54,6.59,6.54,0.05,0.7645,29150.75,19245.053
688609.SH,20221229,6.58,6.66,6.53,6.54,6.6,-0.06,-0.9091,35920.37,23658.611
688609.SH,20221228,6.79,6.79,6.55,6.6,6.79,-0.19,-2.7982,48714.47,32325.992
688609.SH,20221227,6.77,6.82,6.71,6.79,6.79,0.0,0.0,33653.98,22726.123
688609.SH,20221226,6.69,6.81,6.67,6.79,6.69,0.1,1.4948,40644.04,27518.865
688609.SH,20221223,6.66,6.79,6.6,6.69,6.64,0.05,0.753,35142.8,23534.332
688609.SH,20221222,6.83,6.86,6.63,6.64,6.83,-0.19,-2.7818,42617.67,28726.2
688609.SH,20221221,6.95,6.95,6.72,6.83,6.88,-0.05,-0.7267,36012.24,24504.516
688609.SH,20221220,6.86,6.97,6.81,6.88,6.86,0.02,0.2915,32276.7,22248.343
688609.SH,20221219,7.01,7.08,6.84,6.86,7.04,-0.18,-2.5568,45738.69,31706.426
688609.SH,20221216,7.25,7.3,7.0,7.04,7.26,-0.22,-3.0303,50831.38,36080.5
688609.SH,20221215,7.24,7.28,7.12,7.26,7.18,0.08,1.1142,46164.46,33423.418
688609.SH,20221214,7.22,7.29,7.15,7.18,7.17,0.01,0.1395,39295.24,28380.064
688609.SH,20221213,7.32,7.34,7.14,7.17,7.29,-0.12,-1.6461,43979.63,31667.568
688609.SH,20221212,7.31,7.35,7.2,7.29,7.31,-0.02,-0.2736,42675.4,31088.653
688609.SH,20221209,7.44,7.44,7.28,7.31,7.33,-0.02,-0.2729,50007.8,36705.708
688609.SH,20221208,7.44,7.44,7.31,7.33,7.44,-0.11,-1.4785,38597.58,28392.546
688609.SH,20221207,7.52,7.52,7.38,7.44,7.52,-0.08,-1.0638,50452.37,37616.586
688609.SH,20221206,7.5,7.62,7.47,7.52,7.54,-0.02,-0.2653,63139.71,47617.749
688609.SH,20221205,7.59,7.71,7.5,7.54,7.5,0.04,0.5333,74020.59,56079.048
688609.SH,20221202,7.28,7.56,7.26,7.5,7.32,0.18,2.459,90313.15,67502.972
688609.SH,20221201,7.29,7.42,7.25,7.32,7.19,0.13,1.8081,77049.73,56576.447
688609.SH,20221130,7.32,7.36,7.18,7.19,7.36,-0.17,-2.3098,86595.7,62718.126
688609.SH,20221129,7.01,7.6,7.0,7.36,7.01,0.35,4.9929,124972.64,91446.335
688609.SH,20221128,7.12,7.12,7.0,7.01,7.16,-0.15,-2.095,54141.31,38154.642
688609.SH,20221125,7.3,7.34,7.15,7.16,7.3,-0.14,-1.9178,52268.96,37792.687
688609.SH,20221124,7.41,7.51,7.3,7.3,7.39,-0.09,-1.2179,54231.82,40057.265
688609.SH,20221123,7.66,7.66,7.3,7.39,7.61,-0.22,-2.8909,74822.48,55513.432
688609.SH,20221122,7.8,7.89,7.58,7.61,7.78,-0.17,-2.1851,67162.64,51771.697
688609.SH,20221121,7.81,7.88,7.58,7.78,7.85,-0.07,-0.8917,83415.32,64279.656
688609.SH,20221118,8.1,8.16,7.83,7.85,8.08,-0.23,-2.8465,86802.98,69495.527
688609.SH,20221117,8.04,8.12,7.88,8.08,8.02,0.06,0.7481,88642.01,70908.42
688609.SH,20221116,8.02,8.17,7.96,8.02,8.02,0.0,0.0,88398.07,71308.922
688609.SH,20221115,7.79,8.04,7.77,8.02,7.86,0.16,2.0356,90701.37,72144.029
688609.SH,20221114,7.82,8.04,7.71,7.86,7.82,0.04,0.5115,78929.64,62205.409
688609.SH,20221111,8.01,8.08,7.81,7.82,7.82,0.0,0.0,124232.94,99067.803
688609.SH,20221110,7.82,7.95,7.78,7.82,7.89,-0.07,-0.8872,75293.89,59251.115
688609.SH,20221109,8.08,8.08,7.88,7.89,8.08,-0.19,-2.3515,70330.17,55871.905
688609.SH,20221108,8.06,8.13,7.91,8.08,8.05,0.03,0.3727,90785.67,72772.197
688609.SH,20221107,8.09,8.22,7.96,8.05,8.25,-0.2,-2.4242,152566.28,123159.758
688609.SH,20221104,8.06,8.35,8.06,8.25,7.96,0.29,3.6432,163426.17,133821.329
688609.SH,20221103,8.03,8.1,7.78,7.96,8.04,-0.08,-0.995,94507.22,74617.59
688609.SH,20221102,8.35,8.42,7.97,8.04,7.94,0.1,1.2594,143562.95,117036.035
688609.SH,20221101,7.91,7.96,7.67,7.94,7.82,0.12,1.5345,79287.45,61902.622
688609.SH,20221031,7.6,8.0,7.5,7.82,7.55,0.27,3.5762,100234.8,78277.517
688609.SH,20221028,7.91,8.04,7.55,7.55,7.96,-0.41,-5.1508,63272.69,49168.573
688609.SH,20221027,8.03,8.14,7.89,7.96,7.88,0.08,1.0152,82302.95,65943.084
688609.SH,20221026,7.47,8.1,7.47,7.88,7.47,0.41,5.4886,73674.78,57829.492
688609.SH,20221025,7.6,7.68,7.37,7.47,7.59,-0.12,-1.581,40041.72,30040.712
688609.SH,20221024,7.81,7.92,7.52,7.59,7.72,-0.13,-1.6839,47189.92,36544.723
688609.SH,20221021,7.68,7.81,7.6,7.72,7.71,0.01,0.1297,39564.84,30528.417
688609.SH,20221020,7.65,7.84,7.55,7.71,7.64,0.07,0.9162,47127.93,36373.064
688609.SH,20221019,7.78,7.78,7.62,7.64,7.78,-0.14,-1.7995,30970.04,23828.89
688609.SH,20221018,7.88,7.88,7.65,7.78,7.78,0.0,0.0,42156.42,32698.074
688609.SH,20221017,7.59,7.87,7.46,7.78,7.53,0.25,3.3201,56257.66,43572.117
688609.SH,20221014,7.4,7.59,7.3,7.53,7.34,0.19,2.5886,59735.22,44726.541
688609.SH,20221013,7.25,7.49,7.16,7.34,7.2,0.14,1.9444,75893.16,55809.807
688609.SH,20221012,6.93,7.23,6.81,7.2,6.89,0.31,4.4993,57549.89,40343.639
688609.SH,20221011,6.84,6.94,6.71,6.89,6.75,0.14,2.0741,48707.24,33235.63
688609.SH,20221010,6.99,7.07,6.71,6.75,6.97,-0.22,-3.1564,36243.59,24969.462
688609.SH,20220930,7.06,7.14,6.97,6.97,7.08,-0.11,-1.5537,33385.64,23516.382
688609.SH,20220929,7.24,7.33,7.05,7.08,7.19,-0.11,-1.5299,34408.86,24697.7
688609.SH,20220928,7.48,7.48,7.17,7.19,7.42,-0.23,-3.0997,41723.32,30469.643
688609.SH,20220927,7.3,7.53,7.3,7.42,7.25,0.17,2.3448,50670.63,37566.1
688609.SH,20220926,7.49,7.51,7.25,7.25,7.48,-0.23,-3.0749,41948.51,30945.676
688609.SH,20220923,7.68,7.76,7.4,7.48,7.7,-0.22,-2.8571,47636.88,35983.313
688609.SH,20220922,7.81,7.92,7.66,7.7,7.76,-0.06,-0.7732,46657.8,36388.565
688609.SH,20220921,7.69,7.81,7.51,7.76,7.72,0.04,0.5181,40123.62,30836.511
688609.SH,20220920,7.62,7.78,7.62,7.72,7.6,0.12,1.5789,37492.26,28936.139
688609.SH,20220919,7.8,7.85,7.55,7.6,7.83,-0.23,-2.9374,55857.66,42896.332
688609.SH,20220916,7.76,8.04,7.76,7.83,7.86,-0.03,-0.3817,56870.94,44862.163
688609.SH,20220915,8.15,8.2,7.7,7.86,8.11,-0.25,-3.0826,63517.46,50201.628
688609.SH,20220914,8.17,8.24,8.06,8.11,8.23,-0.12,-1.4581,42299.77,34288.385
688609.SH,20220913,8.26,8.43,8.19,8.23,8.21,0.02,0.2436,49064.09,40667.85
688609.SH,20220909,8.21,8.32,8.1,8.21,8.22,-0.01,-0.1217,47553.88,39090.709
688609.SH,20220908,8.5,8.52,8.2,8.22,8.52,-0.3,-3.5211,65735.04,54584.489
688609.SH,20220907,8.55,8.7,8.46,8.52,8.6,-0.08,-0.9302,58483.26,49959.381
688609.SH,20220906,8.47,8.62,8.31,8.6,8.51,0.09,1.0576,61172.81,51543.752
688609.SH,20220905,8.72,8.78,8.39,8.51,8.73,-0.22,-2.52,63466.92,54096.722
688609.SH,20220902,8.51,8.84,8.41,8.73,8.5,0.23,2.7059,69281.43,59947.661
688609.SH,20220901,8.35,8.78,8.33,8.5,8.38,0.12,1.432,79876.27,68608.131
688609.SH,20220831,8.62,8.77,8.3,8.38,8.72,-0.34,-3.8991,65523.4,55326.899
688609.SH,20220830,8.67,8.94,8.57,8.72,8.6,0.12,1.3953,60840.17,53213.781
688609.SH,20220829,8.47,8.61,8.2,8.6,8.65,-0.05,-0.578,65952.69,56115.194
688609.SH,20220826,8.87,8.96,8.65,8.65,8.88,-0.23,-2.5901,57923.52,50967.474
688609.SH,20220825,9.04,9.1,8.67,8.88,9.0,-0.12,-1.3333,80175.19,71032.917
688609.SH,20220824,9.53,9.58,8.95,9.0,9.57,-0.57,-5.9561,138666.81,126911.254
688609.SH,20220823,9.31,9.79,9.31,9.57,9.31,0.26,2.7927,142879.19,137149.137
688609.SH,20220822,9.5,9.71,9.28,9.31,9.32,-0.01,-0.1073,98842.12,93124.19
688609.SH,20220819,9.74,10.05,9.32,9.32,9.64,-0.32,-3.3195,166650.27,161722.072
688609.SH,20220818,9.26,9.65,9.12,9.64,9.34,0.3,3.212,123588.8,116217.747
688609.SH,20220817,9.26,9.43,9.16,9.34,9.26,0.08,0.8639,87727.94,81391.247
688609.SH,20220816,9.39,9.54,9.2,9.26,9.43,-0.17,-1.8028,103453.28,96340.427
688609.SH,20220815,9.63,9.68,9.38,9.43,9.67,-0.24,-2.4819,98067.71,92692.099
688609.SH,20220812,9.69,9.9,9.53,9.67,9.61,0.06,0.6243,142792.74,138808.859
688609.SH,20220811,9.6,9.71,9.44,9.61,9.48,0.13,1.3713,100724.85,96615.305
688609.SH,20220810,9.31,9.75,9.21,9.48,9.34,0.14,1.4989,127910.75,122131.116
688609.SH,20220809,9.46,9.46,9.25,9.34,9.5,-0.16,-1.6842,94774.53,88362.593
688609.SH,20220808,9.47,9.52,9.21,9.5,9.25,0.25,2.7027,160892.78,151367.728
688609.SH,20220805,9.22,9.44,9.11,9.25,8.89,0.36,4.0495,212163.56,196028.647
688609.SH,20220804,8.74,8.98,8.58,8.89,8.72,0.17,1.9495,82307.98,72717.563
688609.SH,20220803,8.74,8.98,8.62,8.72,8.65,0.07,0.8092,81997.16,72394.029
688609.SH,20220802,9.15,9.15,8.52,8.65,9.13,-0.48,-5.2574,123367.41,108059.6
688609.SH,20220801,9.0,9.33,8.87,9.13,8.98,0.15,1.6704,103142.39,93965.318
688609.SH,20220729,9.36,9.43,8.92,8.98,9.32,-0.34,-3.6481,146719.26,133368.909
688609.SH,20220728,9.52,9.68,9.27,9.32,9.33,-0.01,-0.1072,160414.37,151734.773
688609.SH,20220727,9.3,9.46,9.18,9.33,9.33,0.0,0.0,90442.97,83885.071
688609.SH,20220726,9.33,9.39,9.2,9.33,9.28,0.05,0.5388,97264.65,90436.168
688609.SH,20220725,9.7,9.74,9.22,9.28,9.56,-0.28,-2.9289,118756.19,111215.904
688609.SH,20220722,9.68,9.96,9.49,9.56,9.75,-0.19,-1.9487,144925.15,139941.58
688609.SH,20220721,9.95,10.32,9.66,9.75,10.21,-0.46,-4.5054,341220.16,338326.617
688609.SH,20220720,10.09,10.52,9.93,10.21,9.65,0.56,5.8031,562535.47,574326.032
688609.SH,20220719,8.2,9.65,8.18,9.65,8.04,1.61,20.0249,363373.44,341695.395
688609.SH,20220718,7.82,8.07,7.82,8.04,7.86,0.18,2.2901,26872.42,21504.183
688609.SH,20220715,8.3,8.3,7.89,7.92,8.19,-0.27,-3.2967,42043.52,33869.254
688609.SH,20220714,7.85,8.43,7.73,8.19,7.8,0.39,5.0,67970.45,55830.891
688609.SH,20220713,7.68,7.82,7.68,7.8,7.72,0.08,1.0363,17237.31,13371.624
688609.SH,20220712,7.99,8.01,7.72,7.72,7.96,-0.24,-3.0151,25955.92,20317.094
688609.SH,20220711,8.12,8.12,7.88,7.96,8.1,-0.14,-1.7284,28258.55,22479.745
688609.SH,20220708,8.03,8.26,7.93,8.1,8.03,0.07,0.8717,31536.09,25599.773
688609.SH,20220707,7.94,8.08,7.9,8.03,7.9,0.13,1.6456,26627.45,21298.394
688609.SH,20220706,7.95,8.08,7.83,7.9,7.93,-0.03,-0.3783,28810.92,22960.262
688609.SH,20220705,8.14,8.18,7.86,7.93,8.16,-0.23,-2.8186,32942.59,26294.523
688609.SH,20220704,8.14,8.18,7.94,8.16,8.2,-0.04,-0.4878,31124.84,25087.49
688609.SH,20220701,8.36,8.45,8.07,8.2,8.34,-0.14,-1.6787,50411.42,41526.388
688609.SH,20220630,8.48,8.55,8.32,8.34,8.4,-0.06,-0.7143,33981.97,28589.144
688609.SH,20220629,8.71,8.86,8.39,8.4,8.68,-0.28,-3.2258,60894.93,52236.787
688609.SH,20220628,8.58,8.7,8.39,8.68,8.58,0.1,1.1655,56432.58,48398.01
688609.SH,20220627,8.63,8.75,8.52,8.58,8.67,-0.09,-1.0381,53758.19,46235.125
688609.SH,20220624,8.52,8.8,8.52,8.67,8.57,0.1,1.1669,52705.96,45911.017
688609.SH,20220623,8.37,8.65,8.36,8.57,8.49,0.08,0.9423,56234.95,47904.246
688609.SH,20220622,8.92,9.3,8.48,8.49,8.61,-0.12,-1.3937,98543.87,87038.881
688609.SH,20220621,8.64,8.76,8.45,8.61,8.71,-0.1,-1.1481,36629.06,31676.974
688609.SH,20220620,8.83,8.83,8.62,8.71,8.74,-0.03,-0.3432,39609.35,34475.908
688609.SH,20220617,8.82,9.06,8.55,8.74,8.77,-0.03,-0.3421,56756.27,49814.603
688609.SH,20220616,8.62,8.84,8.56,8.77,8.64,0.13,1.5046,44378.52,38819.236
688609.SH,20220615,8.6,8.9,8.56,8.64,8.64,0.0,0.0,38728.8,33824.925
688609.SH,20220614,8.7,8.7,8.26,8.64,8.8,-0.16,-1.8182,49242.1,41857.654
688609.SH,20220613,8.67,8.94,8.61,8.8,8.68,0.12,1.3825,41330.16,36339.253
688609.SH,20220610,8.45,8.8,8.43,8.68,8.52,0.16,1.8779,43486.56,37743.303
688609.SH,20220609,8.73,8.95,8.45,8.52,8.96,-0.44,-4.9107,62611.32,54192.158
688609.SH,20220608,8.79,9.36,8.75,8.96,8.85,0.11,1.2429,102393.73,92891.835
688609.SH,20220607,9.11,9.19,8.8,8.85,9.25,-0.4,-4.3243,80760.2,72155.53
688609.SH,20220606,9.02,9.5,8.87,9.25,8.95,0.3,3.352,126341.53,115841.717
688609.SH,20220602,8.5,9.16,8.32,8.95,8.52,0.43,5.0469,112999.91,99241.404
688609.SH,20220601,8.13,8.7,8.05,8.52,8.19,0.33,4.0293,76839.48,64997.673
688609.SH,20220531,7.95,8.34,7.65,8.19,7.81,0.38,4.8656,49030.44,39417.469
688609.SH,20220530,7.62,7.96,7.57,7.81,7.62,0.19,2.4934,35432.38,27618.01
688609.SH,20220527,7.88,7.88,7.58,7.62,7.76,-0.14,-1.8041,30490.23,23460.991
688609.SH,20220526,7.66,7.83,7.45,7.76,7.84,-0.08,-1.0204,54906.97,41964.294
688609.SH,20220525,7.65,8.04,7.59,7.84,7.69,0.15,1.9506,35077.83,27641.504
688609.SH,20220524,8.17,8.24,7.68,7.69,8.27,-0.58,-7.0133,50454.06,40115.793
688609.SH,20220523,8.19,8.28,8.11,8.27,8.15,0.12,1.4724,39427.69,32411.936
688609.SH,20220520,8.16,8.25,8.05,8.15,8.18,-0.03,-0.3667,34702.6,28247.598
688609.SH,20220519,8.05,8.23,7.95,8.18,8.17,0.01,0.1224,33466.5,27191.022
688609.SH,20220518,8.19,8.43,8.13,8.17,8.15,0.02,0.2454,35327.79,29231.383
688609.SH,20220517,8.39,8.49,8.1,8.15,8.24,-0.09,-1.0922,33031.66,27071.107
688609.SH,20220516,8.2,8.46,8.1,8.24,8.08,0.16,1.9802,41413.79,34282.409
688609.SH,20220513,8.2,8.29,8.05,8.08,8.15,-0.07,-0.8589,33417.03,27190.89
688609.SH,20220512,7.97,8.2,7.85,8.15,8.01,0.14,1.7478,36082.09,29226.559
688609.SH,20220511,7.95,8.34,7.95,8.01,8.02,-0.01,-0.1247,44835.99,36884.816
688609.SH,20220510,7.92,8.05,7.72,8.02,7.95,0.07,0.8805,33516.76,26681.393
688609.SH,20220509,7.87,8.1,7.8,7.95,7.97,-0.02,-0.2509,47075.75,37471.356
688609.SH,20220506,7.49,8.51,7.32,7.97,7.6,0.37,4.8684,85694.7,69122.161
688609.SH,20220505,7.42,7.76,7.35,7.6,7.51,0.09,1.1984,43161.73,32878.639
688609.SH,20220429,7.24,7.68,7.13,7.51,6.96,0.55,7.9023,59685.82,44678.926
688609.SH,20220428,6.99,7.33,6.92,6.96,7.15,-0.19,-2.6573,37172.67,26270.974
688609.SH,20220427,6.83,7.17,6.58,7.15,6.77,0.38,5.613,43960.63,30140.015
688609.SH,20220426,7.15,7.15,6.75,6.77,7.01,-0.24,-3.4237,45197.79,31497.398
688609.SH,20220425,7.68,7.68,6.93,7.01,7.83,-0.82,-10.4725,69639.38,50956.201
688609.SH,20220422,8.13,8.3,7.81,7.83,8.62,-0.79,-9.1647,80309.39,64438.586
688609.SH,20220421,8.97,9.02,8.57,8.62,8.85,-0.23,-2.5989,48717.75,42835.778
688609.SH,20220420,9.14,9.4,8.83,8.85,8.93,-0.08,-0.8959,66484.43,60638.446
688609.SH,20220419,9.0,9.24,8.84,8.93,9.11,-0.18,-1.9759,45611.92,40994.336
688609.SH,20220418,8.56,9.12,8.38,9.11,8.56,0.55,6.4252,67290.92,59514.634
688609.SH,20220415,8.98,8.99,8.51,8.56,8.94,-0.38,-4.2506,55418.83,47913.659
688609.SH,20220414,8.82,9.03,8.78,8.94,8.8,0.14,1.5909,50367.68,44912.395
688609.SH,20220413,9.09,9.29,8.77,8.8,9.34,-0.54,-5.7816,67604.96,60430.184
688609.SH,20220412,9.2,9.43,9.01,9.34,9.26,0.08,0.8639,54871.73,50683.81
688609.SH,20220411,9.54,9.58,9.17,9.26,9.68,-0.42,-4.3388,63327.65,59383.293
688609.SH,20220408,10.04,10.11,9.44,9.68,9.99,-0.31,-3.1031,89218.62,86184.718
688609.SH,20220407,10.44,10.44,9.93,9.99,10.37,-0.38,-3.6644,83965.65,84620.106
688609.SH,20220406,10.54,10.88,10.2,10.37,10.65,-0.28,-2.6291,128339.04,133654.755
688609.SH,20220401,10.31,11.0,10.26,10.65,10.23,0.42,4.1056,202098.91,214491.848
688609.SH,20220331,10.17,11.0,9.94,10.23,10.2,0.03,0.2941,202856.79,213054.21
688609.SH,20220330,10.4,10.6,9.91,10.2,10.33,-0.13,-1.2585,153719.36,156809.707
688609.SH,20220329,10.98,11.2,10.18,10.33,10.9,-0.57,-5.2294,306736.47,325572.963
688609.SH,20220328,9.33,10.9,9.29,10.9,9.08,1.82,20.0441,350106.65,368911.363
688609.SH,20220325,8.56,9.29,8.56,9.08,8.51,0.57,6.698,95140.62,85040.589
688609.SH,20220324,8.67,8.7,8.51,8.51,8.71,-0.2,-2.2962,37965.99,32699.989
688609.SH,20220323,8.94,8.96,8.55,8.71,9.03,-0.32,-3.5437,86115.11,74692.905
688609.SH,20220322,9.09,9.09,8.95,9.03,9.14,-0.11,-1.2035,19871.12,17954.729
688609.SH,20220321,9.1,9.18,9.01,9.14,9.1,0.04,0.4396,23271.42,21217.573
688609.SH,20220318,9.35,9.35,9.02,9.1,9.19,-0.09,-0.9793,22406.3,20400.133
688609.SH,20220317,9.0,9.58,9.0,9.19,8.76,0.43,4.9087,45773.61,42633.861
688609.SH,20220316,8.54,8.8,8.29,8.76,8.46,0.3,3.5461,23333.99,20024.508
688609.SH,20220315,8.8,8.98,8.46,8.46,8.86,-0.4,-4.5147,24204.81,21189.378
688609.SH,20220314,9.23,9.23,8.86,8.86,9.25,-0.39,-4.2162,19996.59,18040.117
688609.SH,20220311,9.15,9.35,8.85,9.25,9.17,0.08,0.8724,29667.23,26920.155
688609.SH,20220310,9.33,9.45,9.11,9.17,9.17,0.0,0.0,28136.38,26124.842
688609.SH,20220309,9.48,9.5,8.93,9.17,9.38,-0.21,-2.2388,30111.88,27596.978
688609.SH,20220308,9.73,9.79,9.25,9.38,9.74,-0.36,-3.6961,25495.23,24167.653
688609.SH,20220307,9.95,10.14,9.61,9.74,10.0,-0.26,-2.6,25497.21,24974.527
688609.SH,20220304,10.05,10.16,9.92,10.0,10.08,-0.08,-0.7937,21841.01,21908.195
688609.SH,20220303,10.28,10.3,10.03,10.08,10.26,-0.18,-1.7544,21214.37,21419.662
688609.SH,20220302,10.18,10.27,10.04,10.26,10.2,0.06,0.5882,21982.36,22316.156
688609.SH,20220301,10.15,10.23,10.1,10.2,10.14,0.06,0.5917,14343.55,14582.228
688609.SH,20220228,10.22,10.33,9.92,10.14,10.22,-0.08,-0.7828,19694.18,19880.132
688609.SH,20220225,10.32,10.49,10.18,10.22,10.21,0.01,0.0979,21080.16,21783.793
688609.SH,20220224,10.6,10.68,9.92,10.21,10.68,-0.47,-4.4007,40604.09,41791.203
688609.SH,20220223,10.45,10.72,10.45,10.68,10.45,0.23,2.201,20127.74,21401.431
688609.SH,20220222,10.62,10.67,10.43,10.45,10.74,-0.29,-2.7002,19943.95,20961.229
688609.SH,20220221,10.53,10.88,10.53,10.74,10.5,0.24,2.2857,22007.16,23596.307
688609.SH,20220218,10.41,10.58,10.35,10.5,10.54,-0.04,-0.3795,13288.44,13880.191
688609.SH,20220217,10.56,10.72,10.41,10.54,10.56,-0.02,-0.1894,19911.66,21018.954
688609.SH,20220216,10.35,10.75,10.35,10.56,10.3,0.26,2.5243,25062.98,26429.562
688609.SH,20220215,10.27,10.48,10.17,10.3,10.34,-0.04,-0.3868,16546.4,17012.076
688609.SH,20220214,10.29,10.4,10.18,10.34,10.31,0.03,0.291,10493.01,10824.327
688609.SH,20220211,10.79,10.79,10.29,10.31,10.8,-0.49,-4.537,24452.42,25542.165
688609.SH,20220210,10.9,10.94,10.66,10.8,10.98,-0.18,-1.6393,16134.11,17394.228
688609.SH,20220209,10.78,11.01,10.67,10.98,10.75,0.23,2.1395,19242.54,20969.952
688609.SH,20220208,10.71,10.76,10.51,10.75,10.68,0.07,0.6554,13439.84,14332.187
688609.SH,20220207,10.66,10.83,10.54,10.68,10.47,0.21,2.0057,19069.06,20349.774
688609.SH,20220128,10.35,10.65,10.2,10.47,10.18,0.29,2.8487,24302.4,25437.719
688609.SH,20220127,10.69,10.69,10.17,10.18,10.65,-0.47,-4.4131,28760.78,29727.364
688609.SH,20220126,10.79,10.9,10.5,10.65,10.71,-0.06,-0.5602,24125.04,25769.313
688609.SH,20220125,11.65,11.65,10.69,10.71,11.65,-0.94,-8.0687,46917.78,51666.093
688609.SH,20220124,11.66,11.85,11.54,11.65,11.65,0.0,0.0,21327.84,24879.173
688609.SH,20220121,11.9,12.1,11.65,11.65,11.9,-0.25,-2.1008,28900.26,34232.002
688609.SH,20220120,12.4,12.55,11.88,11.9,12.4,-0.5,-4.0323,48698.01,58592.933
688609.SH,20220119,12.48,12.7,12.35,12.4,12.56,-0.16,-1.2739,46733.24,58334.583
688609.SH,20220118,12.79,13.6,12.52,12.56,12.68,-0.12,-0.9464,91299.87,119003.423
688609.SH,20220117,12.13,12.79,12.13,12.68,12.11,0.57,4.7069,58518.48,73588.777
688609.SH,20220114,12.3,12.47,12.08,12.11,12.45,-0.34,-2.7309,26593.8,32569.585
688609.SH,20220113,12.49,12.73,12.34,12.45,12.4,0.05,0.4032,33113.32,41291.476
688609.SH,20220112,12.18,12.5,12.15,12.4,12.05,0.35,2.9046,38934.23,48103.701
688609.SH,20220111,12.25,12.41,12.0,12.05,12.28,-0.23,-1.873,28813.49,34983.954
688609.SH,20220110,12.2,12.48,11.81,12.28,12.2,0.08,0.6557,40895.72,49794.791
688609.SH,20220107,12.99,13.05,12.16,12.2,12.87,-0.67,-5.2059,75333.86,93926.402
688609.SH,20220106,12.84,13.0,12.68,12.87,12.93,-0.06,-0.464,34641.84,44394.696
688609.SH,20220105,13.08,13.08,12.63,12.93,13.05,-0.12,-0.9195,42556.73,54606.994
688609.SH,20220104,12.71,13.09,12.64,13.05,12.62,0.43,3.4073,58492.24,75675.572
688609.SH,20211231,12.71,12.78,12.55,12.62,12.62,0.0,0.0,33638.35,42530.602
688609.SH,20211230,12.5,12.89,12.45,12.62,12.45,0.17,1.3655,41478.57,52753.789
688609.SH,20211229,12.62,12.83,12.43,12.45,12.69,-0.24,-1.8913,35341.27,44135.007
688609.SH,20211228,12.53,12.85,12.53,12.69,12.58,0.11,0.8744,33807.67,42960.095
688609.SH,20211227,12.69,12.75,12.31,12.58,12.74,-0.16,-1.2559,41775.16,52261.29
688609.SH,20211224,13.2,13.42,12.68,12.74,13.03,-0.29,-2.2256,51433.94,66542.922
688609.SH,20211223,13.31,13.31,13.03,13.03,13.31,-0.28,-2.1037,40574.23,53301.378
688609.SH,20211222,13.16,13.55,13.04,13.31,13.17,0.14,1.063,53814.11,71734.695
688609.SH,20211221,13.32,13.32,12.97,13.17,12.98,0.19,1.4638,33343.33,43712.687
688609.SH,20211220,13.55,13.69,12.96,12.98,13.62,-0.64,-4.699,58600.46,77612.375
688609.SH,20211217,14.04,14.18,13.61,13.62,13.98,-0.36,-2.5751,67965.07,93713.009
688609.SH,20211216,13.94,14.28,13.8,13.98,13.79,0.19,1.3778,72468.45,101802.749
688609.SH,20211215,13.76,14.23,13.67,13.79,13.95,-0.16,-1.147,77680.63,108288.347
688609.SH,20211214,14.5,14.64,13.86,13.95,13.65,0.3,2.1978,129049.67,182521.917
688609.SH,20211213,13.3,13.86,13.17,13.65,13.26,0.39,2.9412,79091.54,107402.608
688609.SH,20211210,13.08,13.69,12.96,13.26,13.15,0.11,0.8365,75184.86,99909.532
688609.SH,20211209,13.29,13.5,13.09,13.15,12.96,0.19,1.466,67780.56,89919.981
688609.SH,20211208,12.7,13.03,12.65,12.96,12.7,0.26,2.0472,45827.42,58794.035
688609.SH,20211207,12.95,13.0,12.56,12.7,12.85,-0.15,-1.1673,49285.23,62841.226
688609.SH,20211206,13.33,13.48,12.8,12.85,13.33,-0.48,-3.6009,50505.38,65448.996
688609.SH,20211203,13.34,13.56,13.24,13.33,13.34,-0.01,-0.075,36108.94,48254.379
688609.SH,20211202,14.02,14.08,13.33,13.34,14.1,-0.76,-5.3901,68757.25,93406.028
688609.SH,20211201,14.25,14.4,14.04,14.1,14.11,-0.01,-0.0709,49820.44,70637.178
688609.SH,20211130,14.04,14.55,14.01,14.11,13.83,0.28,2.0246,66616.87,95044.646
688609.SH,20211129,13.87,14.23,13.78,13.83,14.05,-0.22,-1.5658,47802.99,66872.359
688609.SH,20211126,14.3,14.56,13.72,14.05,14.42,-0.37,-2.5659,98678.16,139230.442
688609.SH,20211125,14.68,15.36,14.22,14.42,14.84,-0.42,-2.8302,149224.56,220726.952
688609.SH,20211124,14.86,15.24,14.53,14.84,14.97,-0.13,-0.8684,99325.45,147116.932
688609.SH,20211123,14.69,15.46,14.25,14.97,14.39,0.58,4.0306,146655.54,218447.718
688609.SH,20211122,14.48,14.66,14.21,14.39,14.27,0.12,0.8409,71009.54,102118.481
688609.SH,20211119,13.9,14.77,13.8,14.27,13.89,0.38,2.7358,87009.39,124725.053
688609.SH,20211118,14.43,14.75,13.82,13.89,14.32,-0.43,-3.0028,81786.93,115535.737
688609.SH,20211117,14.57,14.69,14.26,14.32,14.57,-0.25,-1.7159,81444.74,117580.468
688609.SH,20211116,14.58,15.34,14.35,14.57,14.58,-0.01,-0.0686,112837.38,166045.458
688609.SH,20211115,13.95,15.08,13.8,14.58,14.04,0.54,3.8462,144755.48,211342.635
688609.SH,20211112,13.66,14.65,13.66,14.04,13.88,0.16,1.1527,111334.61,158073.339
688609.SH,20211111,14.21,14.21,13.55,13.88,13.93,-0.05,-0.3589,129692.85,180171.656
688609.SH,20211110,13.96,15.12,13.66,13.93,12.94,0.99,7.6507,188726.43,268844.47
688609.SH,20211109,12.79,13.29,12.61,12.94,12.71,0.23,1.8096,60017.07,77764.634
688609.SH,20211108,13.0,13.01,12.62,12.71,12.99,-0.28,-2.1555,42648.25,54291.894
688609.SH,20211105,12.54,13.2,12.5,12.99,12.52,0.47,3.754,83097.51,107820.166
688609.SH,20211104,12.38,12.68,12.38,12.52,12.35,0.17,1.3765,40623.46,51011.639
688609.SH,20211103,12.33,12.61,12.28,12.35,12.28,0.07,0.57,38220.05,47384.93
688609.SH,20211102,12.47,12.74,12.11,12.28,12.47,-0.19,-1.5237,40835.01,50653.462
688609.SH,20211101,12.2,12.83,12.15,12.47,12.34,0.13,1.0535,38174.44,47851.58
688609.SH,20211029,12.25,12.49,12.11,12.34,12.33,0.01,0.0811,43303.91,53191.049
688609.SH,20211028,12.58,13.18,12.1,12.33,12.87,-0.54,-4.1958,80997.76,101787.042
688609.SH,20211027,12.97,13.16,12.67,12.87,13.08,-0.21,-1.6055,48602.58,62376.189
688609.SH,20211026,13.36,13.55,13.05,13.08,13.54,-0.46,-3.3973,52946.68,69980.273
688609.SH,20211025,13.45,13.76,13.15,13.54,13.8,-0.26,-1.8841,60837.73,81364.579
688609.SH,20211022,14.37,14.79,13.67,13.8,13.92,-0.12,-0.8621,88342.88,125698.547
688609.SH,20211021,13.88,14.2,13.67,13.92,14.11,-0.19,-1.3466,54299.76,75457.483
688609.SH,20211020,14.25,14.46,13.8,14.11,14.23,-0.12,-0.8433,86234.4,121547.695
688609.SH,20211019,13.73,14.68,13.73,14.23,13.58,0.65,4.7865,102393.03,146251.356
688609.SH,20211018,13.6,13.74,13.1,13.58,13.59,-0.01,-0.0736,54144.23,72616.81
688609.SH,20211015,13.15,13.85,13.15,13.59,13.6,-0.01,-0.0735,54274.83,73359.778
688609.SH,20211014,13.5,14.23,13.48,13.6,13.33,0.27,2.0255,82593.53,113517.492
688609.SH,20211013,13.07,13.55,12.9,13.33,12.93,0.4,3.0936,63171.33,83462.444
688609.SH,20211012,13.24,13.24,12.62,12.93,13.25,-0.32,-2.4151,44434.65,57256.253
688609.SH,20211011,13.69,13.84,13.14,13.25,13.49,-0.24,-1.7791,46272.4,61573.747
688609.SH,20211008,13.44,13.96,13.38,13.49,13.31,0.18,1.3524,62614.41,85200.113
688609.SH,20210930,12.7,13.64,12.64,13.31,12.36,0.95,7.6861,95703.43,126421.732
688609.SH,20210929,12.96,13.07,12.33,12.36,13.35,-0.99,-7.4157,94533.17,119160.059
688609.SH,20210928,14.03,14.14,12.89,13.35,13.85,-0.5,-3.6101,94123.02,126292.141
688609.SH,20210927,14.3,15.41,13.82,13.85,13.6,0.25,1.8382,153791.11,221741.681
688609.SH,20210924,13.97,14.81,13.59,13.6,13.76,-0.16,-1.1628,152197.58,215971.548
688609.SH,20210923,12.68,14.71,12.5,13.76,12.7,1.06,8.3465,173493.85,237583.415
688609.SH,20210922,12.3,12.75,12.21,12.7,12.7,0.0,0.0,56139.22,70349.524
688609.SH,20210917,13.71,13.84,12.48,12.7,13.56,-0.86,-6.3422,107593.52,139161.0
688609.SH,20210916,14.31,14.55,13.29,13.56,14.27,-0.71,-4.9755,140324.11,192682.79
688609.SH,20210915,15.5,15.54,14.26,14.27,14.87,-0.6,-4.035,255510.61,383144.474
688609.SH,20210914,12.58,14.87,12.46,14.87,12.39,2.48,20.0161,211158.45,304469.815
688609.SH,20210913,12.7,12.83,12.35,12.39,12.69,-0.3,-2.3641,31997.1,39914.282
688609.SH,20210910,12.67,13.01,12.6,12.69,12.85,-0.16,-1.2451,35920.88,45898.659
688609.SH,20210909,13.1,13.18,12.77,12.85,13.15,-0.3,-2.2814,32478.68,41976.577
688609.SH,20210908,13.11,13.31,13.02,13.15,13.17,-0.02,-0.1519,33669.54,44277.9
688609.SH,20210907,13.4,13.6,13.07,13.17,13.23,-0.06,-0.4535,52105.36,68952.924
688609.SH,20210906,13.1,13.32,12.58,13.23,13.16,0.07,0.5319,61856.5,80223.409
688609.SH,20210903,12.58,13.49,12.41,13.16,12.47,0.69,5.5333,91016.55,119217.108
688609.SH,20210902,12.44,12.61,12.3,12.47,12.38,0.09,0.727,44438.47,55309.527
688609.SH,20210901,13.07,13.07,12.21,12.38,13.11,-0.73,-5.5683,71762.72,89730.378
688609.SH,20210831,12.76,13.52,12.76,13.11,12.95,0.16,1.2355,65891.49,87008.432
688609.SH,20210830,13.58,13.76,12.88,12.95,13.43,-0.48,-3.5741,62052.65,82448.798
688609.SH,20210827,13.35,13.65,13.25,13.43,13.42,0.01,0.0745,40637.91,54441.877
688609.SH,20210826,13.86,14.04,13.4,13.42,13.81,-0.39,-2.824,53365.38,72883.646
688609.SH,20210825,14.45,14.45,13.73,13.81,14.43,-0.62,-4.2966,66191.33,92628.015
688609.SH,20210824,14.65,14.66,14.33,14.43,14.62,-0.19,-1.2996,53501.71,77170.024
688609.SH,20210823,14.52,14.78,14.35,14.62,14.4,0.22,1.5278,42845.67,62589.512
688609.SH,20210820,14.72,14.72,14.15,14.4,14.8,-0.4,-2.7027,50179.16,72092.143
688609.SH,20210819,14.57,15.21,14.45,14.8,14.63,0.17,1.162,67574.18,100452.341
688609.SH,20210818,14.3,14.7,13.89,14.63,14.27,0.36,2.5228,78221.34,111667.692
688609.SH,20210817,14.84,15.16,14.21,14.27,14.82,-0.55,-3.7112,78144.42,113930.109
688609.SH,20210816,15.26,15.35,14.72,14.82,15.16,-0.34,-2.2427,61477.81,92070.534
688609.SH,20210813,16.15,16.24,15.12,15.16,16.11,-0.95,-5.897,99278.63,152734.292
688609.SH,20210812,16.2,16.96,15.91,16.11,16.2,-0.09,-0.5556,108260.15,177483.436
688609.SH,20210811,16.4,16.77,16.16,16.2,16.7,-0.5,-2.994,72780.26,118707.037
688609.SH,20210810,17.3,17.58,16.5,16.7,17.3,-0.6,-3.4682,99727.51,168878.267
688609.SH,20210809,16.67,17.47,16.07,17.3,16.73,0.57,3.4071,143967.58,242601.642
688609.SH,20210806,16.6,17.8,16.11,16.73,16.3,0.43,2.638,154280.47,261750.998
688609.SH,20210805,16.1,16.68,16.01,16.3,16.97,-0.67,-3.9481,105851.63,172133.558
688609.SH,20210804,16.87,17.38,16.5,16.97,16.95,0.02,0.118,117974.25,199195.143
688609.SH,20210803,17.98,17.98,16.6,16.95,17.58,-0.63,-3.5836,148768.4,256251.075
688609.SH,20210802,16.88,18.09,16.44,17.58,16.91,0.67,3.9622,319016.32,549950.011
688609.SH,20210730,14.57,16.91,14.57,16.91,14.09,2.82,20.0142,281373.69,460587.304
688609.SH,20210729,13.67,14.51,13.67,14.09,13.42,0.67,4.9925,82751.75,117392.544
688609.SH,20210728,14.25,14.36,13.1,13.42,14.47,-1.05,-7.2564,69926.33,94559.112
688609.SH,20210727,14.48,15.66,14.29,14.47,14.0,0.47,3.3571,101826.02,151130.343
688609.SH,20210726,14.05,14.75,13.63,14.0,14.43,-0.43,-2.9799,72437.31,102616.73
688609.SH,20210723,15.53,15.7,14.25,14.43,15.52,-1.09,-7.0232,114413.9,168812.245
688609.SH,20210722,16.0,16.0,15.28,15.52,16.05,-0.53,-3.3022,100580.37,156179.293
688609.SH,20210721,15.48,16.13,15.27,16.05,15.37,0.68,4.4242,116497.64,185464.874
688609.SH,20210720,15.09,15.55,14.9,15.37,15.26,0.11,0.7208,64560.54,98306.34
688609.SH,20210719,15.02,15.85,14.8,15.26,15.16,0.1,0.6596,108712.02,167536.018
688609.SH,20210716,15.5,16.27,15.16,15.16,15.62,-0.46,-2.9449,110019.07,173662.383
688609.SH,20210715,16.15,16.48,15.1,15.62,16.32,-0.7,-4.2892,110259.98,173214.496
688609.SH,20210714,16.18,16.82,16.13,16.32,16.31,0.01,0.0613,124088.09,204900.358
688609.SH,20210713,17.08,17.25,16.18,16.31,16.9,-0.59,-3.4911,130645.03,214862.053
688609.SH,20210712,15.8,17.27,15.66,16.9,15.79,1.11,7.0298,190142.39,318004.385
688609.SH,20210709,16.0,16.51,15.66,15.79,16.52,-0.73,-4.4189,117199.26,186755.368
688609.SH,20210708,16.8,17.45,16.34,16.52,16.66,-0.14,-0.8403,133357.78,224003.144
688609.SH,20210707,16.78,16.94,16.06,16.66,17.01,-0.35,-2.0576,134854.0,222785.455
688609.SH,20210706,16.04,17.92,16.04,17.01,16.0,1.01,6.3125,227106.24,392943.666
688609.SH,20210705,15.63,16.43,15.48,16.0,15.64,0.36,2.3018,135065.17,217239.875
688609.SH,20210702,15.16,15.96,14.77,15.64,15.22,0.42,2.7595,162166.28,249129.33
688609.SH,20210701,17.79,17.8,15.0,15.22,17.28,-2.06,-11.9213,212663.12,344168.932
688609.SH,20210630,17.6,18.11,16.88,17.28,17.6,-0.32,-1.8182,158934.52,276910.609
688609.SH,20210629,17.57,18.8,17.18,17.6,17.42,0.18,1.0333,202808.66,364831.103
688609.SH,20210628,16.85,18.19,16.57,17.42,17.37,0.05,0.2879,195980.38,342292.692
688609.SH,20210625,19.3,20.47,17.0,17.37,19.68,-2.31,-11.7378,304338.44,560047.548
688609.SH,20210624,19.66,21.58,19.22,19.68,19.92,-0.24,-1.2048,294386.76,603997.097
688609.SH,20210623,18.79,20.59,18.03,19.92,18.7,1.22,6.5241,292499.09,569182.224
688609.SH,20210622,18.48,21.43,17.94,18.7,19.0,-0.3,-1.5789,357125.32,707507.756
688609.SH,20210621,16.57,19.3,16.23,19.0,16.22,2.78,17.1393,341703.13,619382.338
688609.SH,20210618,16.87,17.88,15.91,16.22,17.45,-1.23,-7.0487,265979.14,443324.714
688609.SH,20210617,16.08,19.0,15.68,17.45,17.04,0.41,2.4061,378834.13,650094.484
688609.SH,20210616,15.6,18.2,14.52,17.04,16.38,0.66,4.0293,398573.26,633754.481
688609.SH,20210615,18.85,19.65,16.38,16.38,20.48,-4.1,-20.0195,419760.05,754693.559
688609.SH,20210611,17.5,21.0,17.0,20.48,17.52,2.96,16.895,466785.39,887617.799
688609.SH,20210610,14.38,17.52,14.11,17.52,14.6,2.92,20.0,490455.15,789095.92
688609.SH,20210609,12.8,15.97,12.72,14.6,13.34,1.26,9.4453,561193.81,782624.691
688609.SH,20210608,11.93,13.34,11.36,13.34,11.12,2.22,19.964,487684.15,611879.273
688609.SH,20210607,9.26,11.12,9.1,11.12,9.27,1.85,19.9569,254372.49,264594.653
688609.SH,20210604,9.6,9.77,9.24,9.27,9.91,-0.64,-6.4581,138412.14,131458.952
688609.SH,20210603,10.3,10.58,9.75,9.91,9.51,0.4,4.2061,213312.36,214567.219
688609.SH,20210602,9.98,10.35,9.4,9.51,9.21,0.3,3.2573,197992.86,194385.098
688609.SH,20210601,8.63,9.55,8.59,9.21,8.69,0.52,5.9839,138292.9,126535.956
688609.SH,20210531,8.59,8.71,8.4,8.69,8.57,0.12,1.4002,37458.94,31969.828
688609.SH,20210528,8.71,8.82,8.53,8.57,8.76,-0.19,-2.1689,32222.02,27871.685
688609.SH,20210527,8.52,8.86,8.52,8.76,8.54,0.22,2.5761,43406.21,38005.136
688609.SH,20210526,8.57,8.6,8.49,8.54,8.57,-0.03,-0.3501,18115.9,15483.536
688609.SH,20210525,8.51,8.6,8.41,8.57,8.5,0.07,0.8235,29536.57,25157.742
688609.SH,20210524,8.27,8.57,8.26,8.5,8.27,0.23,2.7811,32965.12,27823.395
688609.SH,20210521,8.49,8.53,8.24,8.27,8.48,-0.21,-2.4764,39903.05,33347.314
688609.SH,20210520,8.58,8.62,8.43,8.48,8.59,-0.11,-1.2806,30324.48,25823.901
688609.SH,20210519,8.75,8.75,8.58,8.59,8.75,-0.16,-1.8286,20192.04,17427.658
688609.SH,20210518,8.6,8.75,8.5,8.75,8.61,0.14,1.626,33163.22,28683.511
688609.SH,20210517,8.76,8.77,8.57,8.61,8.76,-0.15,-1.7123,24660.41,21278.798
688609.SH,20210514,8.63,8.81,8.63,8.76,8.62,0.14,1.6241,20421.1,17837.407
688609.SH,20210513,8.8,8.92,8.61,8.62,8.83,-0.21,-2.3783,25122.14,22016.457
688609.SH,20210512,8.9,8.96,8.77,8.83,8.88,-0.05,-0.5631,27181.22,24078.831
688609.SH,20210511,8.55,8.94,8.51,8.88,8.59,0.29,3.376,37571.73,32992.048
688609.SH,20210510,8.63,8.65,8.47,8.59,8.57,0.02,0.2334,29636.72,25336.649
688609.SH,20210507,8.8,8.8,8.52,8.57,8.7,-0.13,-1.4943,33822.12,29201.027
688609.SH,20210506,8.73,8.84,8.67,8.7,8.68,0.02,0.2304,25079.72,21904.745
688609.SH,20210430,9.16,9.24,8.58,8.68,9.21,-0.53,-5.7546,74886.34,66538.042
688609.SH,20210429,9.37,9.46,9.19,9.21,9.41,-0.2,-2.1254,43553.54,40505.841
688609.SH,20210428,9.5,9.53,9.34,9.41,9.29,0.12,1.2917,37260.13,35161.954
688609.SH,20210427,9.54,9.54,9.27,9.29,9.4,-0.11,-1.1702,41029.39,38420.761
688609.SH,20210426,9.67,9.74,9.36,9.4,9.67,-0.27,-2.7921,65629.04,62622.425
688609.SH,20210423,9.76,9.89,9.64,9.67,9.76,-0.09,-0.9221,53659.48,52368.532
688609.SH,20210422,9.95,9.96,9.73,9.76,9.89,-0.13,-1.3145,54610.97,53775.746
688609.SH,20210421,10.03,10.12,9.8,9.89,10.14,-0.25,-2.4655,79006.1,78522.914
688609.SH,20210420,10.55,10.73,10.07,10.14,10.46,-0.32,-3.0593,129906.71,134527.531
688609.SH,20210419,10.1,10.88,10.04,10.46,9.97,0.49,4.9147,159127.39,167035.797
688609.SH,20210416,9.51,10.13,9.49,9.97,9.48,0.49,5.1688,100967.04,99299.715
688609.SH,20210415,9.83,9.91,9.48,9.48,9.82,-0.34,-3.4623,71609.74,68912.171
688609.SH,20210414,9.66,10.04,9.55,9.82,9.75,0.07,0.7179,64614.02,63285.191
688609.SH,20210413,10.13,10.26,9.66,9.75,10.12,-0.37,-3.6561,91112.01,89745.759
688609.SH,20210412,10.1,10.38,9.95,10.12,10.1,0.02,0.198,96282.46,97982.329
688609.SH,20210409,10.01,10.41,9.9,10.1,10.15,-0.05,-0.4926,111596.67,112696.317
688609.SH,20210408,10.4,11.08,10.09,10.15,10.47,-0.32,-3.0564,205421.64,217945.269
688609.SH,20210407,10.13,10.54,9.98,10.47,10.2,0.27,2.6471,165290.97,169715.023
688609.SH,20210406,9.93,10.33,9.73,10.2,9.91,0.29,2.9263,172313.76,173204.063
688609.SH,20210402,9.35,10.09,9.2,9.91,9.45,0.46,4.8677,193205.11,187503.897
688609.SH,20210401,9.06,9.89,9.06,9.45,9.11,0.34,3.7322,183100.07,174949.105
688609.SH,20210331,9.58,9.58,9.06,9.11,9.66,-0.55,-5.6936,154446.58,143386.09
688609.SH,20210330,9.89,9.98,9.63,9.66,9.94,-0.28,-2.8169,118978.97,116703.742
688609.SH,20210329,10.03,10.29,9.78,9.94,10.1,-0.16,-1.5842,143737.2,143279.344
688609.SH,20210326,10.08,10.36,9.78,10.1,10.0,0.1,1.0,200022.23,200878.472
688609.SH,20210325,10.5,10.74,10.0,10.0,10.69,-0.69,-6.4546,250770.71,257206.965
688609.SH,20210324,12.09,12.1,10.49,10.69,13.54,-2.85,-21.0487,419561.44,465845.571
688609.SH,20210323,12.88,15.0,11.9,13.54,3.99,9.55,239.3484,644526.23,842424.296
